 Date__(UT)__HR:MN:SC.fff     R.A._____(ICRF)_____DEC             delta      deldot      GlxLon     GlxLat
 1977-Sep-05 13:59:24.383     23 42 05.61 -04 26 26.6  0.00005202380352   6.4181439   83.804665 -61.923797
 1977-Sep-05 14:59:24.383     03 37 52.80 +22 47 08.7  0.00030678744366  10.8526584  165.826576 -25.904911
 1977-Sep-05 15:59:24.383     04 00 10.33 +24 17 47.8  0.00056502966704  10.6404115  168.798776 -21.326082
 1977-Sep-05 16:59:24.383     04 08 39.46 +24 48 37.1  0.00081968119337  10.5371071  169.863384 -19.596506
 1977-Sep-05 17:59:24.383     04 13 09.47 +25 04 08.1  0.00107244468578  10.4775800  170.415242 -18.682427
 1977-Sep-05 18:59:24.383     04 15 57.23 +25 13 29.1  0.00132405566530  10.4390605  170.754004 -18.115662
 1977-Sep-05 19:59:24.383     04 17 51.73 +25 19 44.1  0.00157489249373  10.4122113  170.983558 -17.729336
 1977-Sep-05 20:59:24.383     04 19 14.97 +25 24 12.3  0.00182517619533  10.3925599  171.149651 -17.448869
 1977-Sep-05 21:59:24.383     04 20 18.27 +25 27 33.3  0.00207504836495  10.3777039  171.275671 -17.235842
 1977-Sep-05 22:59:24.383     04 21 08.13 +25 30 08.9  0.00232460526745  10.3661367  171.374925 -17.068401
 1977-Sep-05 23:59:24.383     04 21 48.53 +25 32 12.1  0.00257391041773  10.3565619  171.455619 -16.933165
 1977-Sep-06 00:59:24.383     04 22 22.03 +25 33 51.2  0.00282299791408  10.3479403  171.522936 -16.821513
 1977-Sep-06 01:59:24.383     04 22 50.28 +25 35 12.5  0.00307188738318  10.3401394  171.580031 -16.727721
 1977-Sep-06 02:59:24.383     04 23 14.41 +25 36 20.6  0.00332060109096  10.3333411  171.628955 -16.647841
 1977-Sep-06 03:59:24.383     04 23 35.23 +25 37 18.6  0.00356916289185  10.3274885  171.671245 -16.579013
 1977-Sep-06 04:59:24.383     04 23 53.37 +25 38 08.7  0.00381759363165  10.3224192  171.708112 -16.519105
 1977-Sep-06 05:59:24.383     04 24 09.31 +25 38 52.4  0.00406591026519  10.3179809  171.740512 -16.466495
 1977-Sep-06 06:59:24.383     04 24 23.43 +25 39 31.0  0.00431412646743  10.3140536  171.769196 -16.419930
 1977-Sep-06 07:59:24.383     04 24 36.01 +25 40 05.3  0.00456225337865  10.3105454  171.794761 -16.378427
 1977-Sep-06 08:59:24.383     04 24 47.30 +25 40 36.0  0.00481030019666  10.3073856  171.817685 -16.341205
 1977-Sep-06 09:59:24.383     04 24 57.48 +25 41 03.6  0.00505827461278  10.3045190  171.838353 -16.307636
 1977-Sep-06 10:59:24.383     04 25 06.71 +25 41 28.5  0.00530618313091  10.3019014  171.857080 -16.277208
 1977-Sep-06 11:59:24.383     04 25 15.11 +25 41 51.3  0.00555403130423  10.2994976  171.874126 -16.249502
 1977-Sep-06 12:59:24.383     04 25 22.80 +25 42 12.0  0.00580182391420  10.2972784  171.889704 -16.224169
 1977-Sep-06 13:59:24.383     04 25 29.85 +25 42 31.0  0.00604956510806  10.2952200  171.903995 -16.200919
 1977-Sep-06 14:59:24.383     04 25 36.34 +25 42 48.5  0.00629725850610  10.2933024  171.917150 -16.179506
 1977-Sep-06 15:59:24.383     04 25 42.34 +25 43 04.7  0.00654490728694  10.2915086  171.929299 -16.159722
 1977-Sep-06 16:59:24.383     04 25 47.90 +25 43 19.7  0.00679251425555  10.2898245  171.940550 -16.141389
 1977-Sep-06 17:59:24.383     04 25 53.07 +25 43 33.6  0.00704008189868  10.2882378  171.950999 -16.124355
 1977-Sep-06 18:59:24.383     04 25 57.88 +25 43 46.5  0.00728761243008  10.2867380  171.960726 -16.108487
 1977-Sep-06 19:59:24.383     04 26 02.37 +25 43 58.6  0.00753510782785  10.2853159  171.969804 -16.093672
 1977-Sep-06 20:59:24.383     04 26 06.57 +25 44 09.9  0.00778256986574  10.2839637  171.978293 -16.079808
 1977-Sep-06 21:59:24.383     04 26 10.51 +25 44 20.6  0.00803000013911  10.2826744  171.986248 -16.066809
 1977-Sep-06 22:59:24.383     04 26 14.21 +25 44 30.5  0.00827740008700  10.2814419  171.993717 -16.054597
 1977-Sep-06 23:59:24.383     04 26 17.69 +25 44 39.9  0.00852477101094  10.2802609  172.000742 -16.043104
 1977-Sep-07 00:59:24.383     04 26 20.97 +25 44 48.8  0.00877211409071  10.2791265  172.007360 -16.032269
 1977-Sep-07 01:59:24.383     04 26 24.07 +25 44 57.1  0.00901943039828  10.2780347  172.013604 -16.022040
 1977-Sep-07 02:59:24.383     04 26 27.00 +25 45 05.1  0.00926672090945  10.2769816  172.019505 -16.012366
 1977-Sep-07 03:59:24.383     04 26 29.77 +25 45 12.6  0.00951398651435  10.2759638  172.025088 -16.003207
 1977-Sep-07 04:59:24.383     04 26 32.40 +25 45 19.7  0.00976122802598  10.2749783  172.030379 -15.994522
 1977-Sep-07 05:59:24.383     04 26 34.90 +25 45 26.4  0.01000844618831  10.2740223  172.035397 -15.986277
 1977-Sep-07 06:59:24.383     04 26 37.27 +25 45 32.9  0.01025564168301  10.2730936  172.040164 -15.978440
 1977-Sep-07 07:59:24.383     04 26 39.52 +25 45 39.0  0.01050281513537  10.2721897  172.044695 -15.970984
 1977-Sep-07 08:59:24.383     04 26 41.67 +25 45 44.8  0.01074996711971  10.2713086  172.049008 -15.963881
 1977-Sep-07 09:59:24.383     04 26 43.72 +25 45 50.4  0.01099709816398  10.2704486  172.053118 -15.957109
 1977-Sep-07 10:59:24.383     04 26 45.67 +25 45 55.8  0.01124420875403  10.2696080  172.057036 -15.950646
 1977-Sep-07 11:59:24.383     04 26 47.54 +25 46 00.8  0.01149129933723  10.2687852  172.060776 -15.944472
 1977-Sep-07 12:59:24.383     04 26 49.32 +25 46 05.7  0.01173837032581  10.2679789  172.064348 -15.938569
 1977-Sep-07 13:59:24.383     04 26 51.03 +25 46 10.4  0.01198542209983  10.2671877  172.067763 -15.932921
 1977-Sep-07 14:59:24.383     04 26 52.66 +25 46 14.9  0.01223245500985  10.2664105  172.071029 -15.927513
 1977-Sep-07 15:59:24.383     04 26 54.22 +25 46 19.2  0.01247946937935  10.2656463  172.074157 -15.922331
 1977-Sep-07 16:59:24.383     04 26 55.72 +25 46 23.3  0.01272646550678  10.2648939  172.077153 -15.917361
 1977-Sep-07 17:59:24.383     04 26 57.16 +25 46 27.3  0.01297344366769  10.2641526  172.080025 -15.912593
 1977-Sep-07 18:59:24.383     04 26 58.54 +25 46 31.1  0.01322040411627  10.2634213  172.082780 -15.908014
 1977-Sep-07 19:59:24.383     04 26 59.87 +25 46 34.8  0.01346734708720  10.2626995  172.085423 -15.903616
 1977-Sep-07 20:59:24.383     04 27 01.14 +25 46 38.3  0.01371427279690  10.2619863  172.087962 -15.899387
 1977-Sep-07 21:59:24.383     04 27 02.36 +25 46 41.7  0.01396118144496  10.2612810  172.090401 -15.895321
 1977-Sep-07 22:59:24.383     04 27 03.54 +25 46 45.0  0.01420807321536  10.2605831  172.092745 -15.891407
 1977-Sep-07 23:59:24.383     04 27 04.68 +25 46 48.2  0.01445494827752  10.2598920  172.094998 -15.887640
 1977-Sep-08 00:59:24.383     04 27 05.77 +25 46 51.2  0.01470180678735  10.2592070  172.097167 -15.884011
 1977-Sep-08 01:59:24.383     04 27 06.82 +25 46 54.2  0.01494864888811  10.2585278  172.099253 -15.880515
 1977-Sep-08 02:59:24.383     04 27 07.83 +25 46 57.0  0.01519547471138  10.2578537  172.101262 -15.877144
 1977-Sep-08 03:59:24.383     04 27 08.81 +25 46 59.8  0.01544228437775  10.2571845  172.103197 -15.873893
 1977-Sep-08 04:59:24.383     04 27 09.75 +25 47 02.4  0.01568907799760  10.2565197  172.105061 -15.870757
 1977-Sep-08 05:59:24.383     04 27 10.66 +25 47 05.0  0.01593585567171  10.2558588  172.106857 -15.867731
 1977-Sep-08 06:59:24.383     04 27 11.53 +25 47 07.5  0.01618261749188  10.2552016  172.108588 -15.864810
 1977-Sep-08 07:59:24.383     04 27 12.38 +25 47 09.9  0.01642936354153  10.2545477  172.110258 -15.861989
 1977-Sep-08 08:59:24.383     04 27 13.19 +25 47 12.3  0.01667609389622  10.2538968  172.111868 -15.859264
 1977-Sep-08 09:59:24.383     04 27 13.98 +25 47 14.5  0.01692280862411  10.2532486  172.113421 -15.856632
 1977-Sep-08 10:59:24.383     04 27 14.74 +25 47 16.7  0.01716950778645  10.2526028  172.114919 -15.854087
 1977-Sep-08 11:59:24.383     04 27 15.48 +25 47 18.8  0.01741619143795  10.2519591  172.116365 -15.851628
 1977-Sep-08 12:59:24.383     04 27 16.19 +25 47 20.9  0.01766285962722  10.2513173  172.117761 -15.849251
 1977-Sep-08 13:59:24.383     04 27 16.88 +25 47 22.9  0.01790951239710  10.2506772  172.119108 -15.846952
 1977-Sep-08 14:59:24.383     04 27 17.54 +25 47 24.9  0.01815614978500  10.2500385  172.120408 -15.844728
 1977-Sep-08 15:59:24.383     04 27 18.18 +25 47 26.7  0.01840277182321  10.2494011  172.121663 -15.842577
 1977-Sep-08 16:59:24.383     04 27 18.80 +25 47 28.6  0.01864937853924  10.2487647  172.122876 -15.840496
 1977-Sep-08 17:59:24.383     04 27 19.40 +25 47 30.3  0.01889596995605  10.2481291  172.124046 -15.838483
 1977-Sep-08 18:59:24.383     04 27 19.98 +25 47 32.1  0.01914254609232  10.2474943  172.125176 -15.836535
 1977-Sep-08 19:59:24.383     04 27 20.54 +25 47 33.7  0.01938910696274  10.2468600  172.126267 -15.834650
 1977-Sep-08 20:59:24.383     04 27 21.08 +25 47 35.4  0.01963565257806  10.2462261  172.127321 -15.832825
 1977-Sep-08 21:59:24.383     04 27 21.61 +25 47 36.9  0.01988218294554  10.2455923  172.128339 -15.831059
 1977-Sep-08 22:59:24.383     04 27 22.12 +25 47 38.5  0.02012869806899  10.2449587  172.129321 -15.829350
 1977-Sep-08 23:59:24.383     04 27 22.61 +25 47 40.0  0.02037519794907  10.2443251  172.130269 -15.827696
 1977-Sep-09 00:59:24.383     04 27 23.08 +25 47 41.4  0.02062168258329  10.2436912  172.131185 -15.826095
 1977-Sep-09 01:59:24.383     04 27 23.54 +25 47 42.8  0.02086815196638  10.2430572  172.132069 -15.824545
 1977-Sep-09 02:59:24.383     04 27 23.98 +25 47 44.2  0.02111460609033  10.2424227  172.132922 -15.823045
 1977-Sep-09 03:59:24.383     04 27 24.41 +25 47 45.5  0.02136104494453  10.2417877  172.133745 -15.821594
 1977-Sep-09 04:59:24.383     04 27 24.82 +25 47 46.8  0.02160746851596  10.2411521  172.134539 -15.820190
 1977-Sep-09 05:59:24.383     04 27 25.22 +25 47 48.1  0.02185387678931  10.2405159  172.135304 -15.818831
 1977-Sep-09 06:59:24.383     04 27 25.61 +25 47 49.3  0.02210026974705  10.2398788  172.136043 -15.817516
 1977-Sep-09 07:59:24.383     04 27 25.98 +25 47 50.5  0.02234664736963  10.2392410  172.136755 -15.816245
 1977-Sep-09 08:59:24.383     04 27 26.35 +25 47 51.6  0.02259300963556  10.2386021  172.137441 -15.815015
 1977-Sep-09 09:59:24.383     04 27 26.69 +25 47 52.8  0.02283935652138  10.2379623  172.138101 -15.813826
 1977-Sep-09 10:59:24.383     04 27 27.03 +25 47 53.9  0.02308568800212  10.2373214  172.138738 -15.812676
 1977-Sep-09 11:59:24.383     04 27 27.36 +25 47 54.9  0.02333200405092  10.2366794  172.139350 -15.811565
 1977-Sep-09 12:59:24.383     04 27 27.67 +25 47 56.0  0.02357830463948  10.2360361  172.139940 -15.810491
 1977-Sep-09 13:59:24.383     04 27 27.97 +25 47 57.0  0.02382458973795  10.2353916  172.140507 -15.809454
 1977-Sep-09 14:59:24.383     04 27 28.26 +25 47 57.9  0.02407085931518  10.2347457  172.141051 -15.808453
 1977-Sep-09 15:59:24.383     04 27 28.54 +25 47 58.9  0.02431711333855  10.2340985  172.141575 -15.807486
 1977-Sep-09 16:59:24.383     04 27 28.81 +25 47 59.8  0.02456335177434  10.2334498  172.142077 -15.806553
 1977-Sep-09 17:59:24.383     04 27 29.07 +25 48 00.7  0.02480957458753  10.2327997  172.142559 -15.805653
 1977-Sep-09 18:59:24.383     04 27 29.33 +25 48 01.6  0.02505578174205  10.2321480  172.143021 -15.804785
 1977-Sep-09 19:59:24.383     04 27 29.57 +25 48 02.4  0.02530197320075  10.2314948  172.143463 -15.803949
 1977-Sep-09 20:59:24.383     04 27 29.80 +25 48 03.2  0.02554814892543  10.2308400  172.143887 -15.803144
 1977-Sep-09 21:59:24.383     04 27 30.02 +25 48 04.0  0.02579430887703  10.2301835  172.144291 -15.802369
 1977-Sep-09 22:59:24.383     04 27 30.23 +25 48 04.8  0.02604045301559  10.2295253  172.144678 -15.801623
 1977-Sep-09 23:59:24.383     04 27 30.44 +25 48 05.6  0.02628658130027  10.2288654  172.145047 -15.800906
 1977-Sep-10 00:59:24.383     04 27 30.64 +25 48 06.3  0.02653269368944  10.2282038  172.145398 -15.800217
 1977-Sep-10 01:59:24.383     04 27 30.82 +25 48 07.0  0.02677879014082  10.2275404  172.145732 -15.799556
 1977-Sep-10 02:59:24.383     04 27 31.00 +25 48 07.7  0.02702487061131  10.2268752  172.146049 -15.798922
 1977-Sep-10 03:59:24.383     04 27 31.17 +25 48 08.4  0.02727093505722  10.2262082  172.146350 -15.798315
 1977-Sep-10 04:59:24.383     04 27 31.34 +25 48 09.0  0.02751698343425  10.2255393  172.146635 -15.797733
 1977-Sep-10 05:59:24.383     04 27 31.49 +25 48 09.6  0.02776301569753  10.2248686  172.146904 -15.797177
 1977-Sep-10 06:59:24.383     04 27 31.64 +25 48 10.3  0.02800903180165  10.2241959  172.147158 -15.796646
 1977-Sep-10 07:59:24.383     04 27 31.78 +25 48 10.8  0.02825503170062  10.2235213  172.147397 -15.796139
 1977-Sep-10 08:59:24.383     04 27 31.91 +25 48 11.4  0.02850101534811  10.2228448  172.147620 -15.795657
 1977-Sep-10 09:59:24.383     04 27 32.04 +25 48 12.0  0.02874698269729  10.2221663  172.147829 -15.795198
 1977-Sep-10 10:59:24.383     04 27 32.16 +25 48 12.5  0.02899293370091  10.2214859  172.148024 -15.794762
 1977-Sep-10 11:59:24.383     04 27 32.27 +25 48 13.0  0.02923886831140  10.2208035  172.148205 -15.794349
 1977-Sep-10 12:59:24.383     04 27 32.38 +25 48 13.5  0.02948478648075  10.2201190  172.148371 -15.793959
 1977-Sep-10 13:59:24.383     04 27 32.48 +25 48 14.0  0.02973068816077  10.2194326  172.148525 -15.793591
 1977-Sep-10 14:59:24.383     04 27 32.57 +25 48 14.5  0.02997657330282  10.2187441  172.148664 -15.793244
 1977-Sep-10 15:59:24.383     04 27 32.65 +25 48 14.9  0.03022244185817  10.2180536  172.148791 -15.792918
 1977-Sep-10 16:59:24.383     04 27 32.73 +25 48 15.3  0.03046829377765  10.2173611  172.148904 -15.792614
 1977-Sep-10 17:59:24.383     04 27 32.80 +25 48 15.7  0.03071412901208  10.2166665  172.149005 -15.792330
 1977-Sep-10 18:59:24.383     04 27 32.87 +25 48 16.1  0.03095994751192  10.2159698  172.149093 -15.792066
 1977-Sep-10 19:59:24.383     04 27 32.93 +25 48 16.5  0.03120574922751  10.2152711  172.149169 -15.791823
 1977-Sep-10 20:59:24.383     04 27 32.99 +25 48 16.9  0.03145153410903  10.2145703  172.149233 -15.791599
 1977-Sep-10 21:59:24.383     04 27 33.03 +25 48 17.2  0.03169730210658  10.2138674  172.149285 -15.791395
 1977-Sep-10 22:59:24.383     04 27 33.08 +25 48 17.6  0.03194305317006  10.2131624  172.149324 -15.791210
 1977-Sep-10 23:59:24.383     04 27 33.11 +25 48 17.9  0.03218878724933  10.2124554  172.149353 -15.791043
 1977-Sep-11 00:59:24.383     04 27 33.15 +25 48 18.2  0.03243450429418  10.2117463  172.149369 -15.790896
 1977-Sep-11 01:59:24.383     04 27 33.17 +25 48 18.5  0.03268020425423  10.2110350  172.149374 -15.790766
 1977-Sep-11 02:59:24.383     04 27 33.19 +25 48 18.8  0.03292588707916  10.2103217  172.149369 -15.790655
 1977-Sep-11 03:59:24.383     04 27 33.21 +25 48 19.0  0.03317155271863  10.2096063  172.149352 -15.790562
 1977-Sep-11 04:59:24.383     04 27 33.22 +25 48 19.3  0.03341720112217  10.2088888  172.149324 -15.790486
 1977-Sep-11 05:59:24.383     04 27 33.22 +25 48 19.5  0.03366283223948  10.2081691  172.149285 -15.790428
 1977-Sep-11 06:59:24.383     04 27 33.22 +25 48 19.8  0.03390844602005  10.2074474  172.149236 -15.790387
 1977-Sep-11 07:59:24.383     04 27 33.21 +25 48 20.0  0.03415404241360  10.2067236  172.149176 -15.790363
 1977-Sep-11 08:59:24.383     04 27 33.20 +25 48 20.2  0.03439962136975  10.2059977  172.149106 -15.790356
 1977-Sep-11 09:59:24.383     04 27 33.18 +25 48 20.3  0.03464518283828  10.2052698  172.149025 -15.790366
 1977-Sep-11 10:59:24.383     04 27 33.16 +25 48 20.5  0.03489072676890  10.2045397  172.148935 -15.790392
 1977-Sep-11 11:59:24.383     04 27 33.14 +25 48 20.7  0.03513625311149  10.2038075  172.148834 -15.790434
 1977-Sep-11 12:59:24.383     04 27 33.10 +25 48 20.8  0.03538176181604  10.2030733  172.148724 -15.790493
 1977-Sep-11 13:59:24.383     04 27 33.07 +25 48 20.9  0.03562725283250  10.2023370  172.148603 -15.790567
 1977-Sep-11 14:59:24.383     04 27 33.03 +25 48 21.1  0.03587272611107  10.2015986  172.148473 -15.790657
 1977-Sep-11 15:59:24.383     04 27 32.98 +25 48 21.2  0.03611818160195  10.2008582  172.148334 -15.790763
 1977-Sep-11 16:59:24.383     04 27 32.93 +25 48 21.3  0.03636361925555  10.2001157  172.148184 -15.790884
 1977-Sep-11 17:59:24.383     04 27 32.87 +25 48 21.3  0.03660903902236  10.1993711  172.148026 -15.791021
 1977-Sep-11 18:59:24.383     04 27 32.81 +25 48 21.4  0.03685444085301  10.1986245  172.147858 -15.791172
 1977-Sep-11 19:59:24.383     04 27 32.75 +25 48 21.5  0.03709982469830  10.1978759  172.147681 -15.791339
 1977-Sep-11 20:59:24.383     04 27 32.68 +25 48 21.5  0.03734519050919  10.1971252  172.147495 -15.791520
 1977-Sep-11 21:59:24.383     04 27 32.61 +25 48 21.6  0.03759053823677  10.1963725  172.147299 -15.791716
 1977-Sep-11 22:59:24.383     04 27 32.53 +25 48 21.6  0.03783586783231  10.1956177  172.147095 -15.791927
 1977-Sep-11 23:59:24.383     04 27 32.45 +25 48 21.6  0.03808117924729  10.1948610  172.146882 -15.792152
 1977-Sep-12 00:59:24.383     04 27 32.36 +25 48 21.6  0.03832647243337  10.1941022  172.146660 -15.792392
 1977-Sep-12 01:59:24.383     04 27 32.27 +25 48 21.6  0.03857174734234  10.1933415  172.146429 -15.792645
 1977-Sep-12 02:59:24.383     04 27 32.17 +25 48 21.6  0.03881700392628  10.1925787  172.146190 -15.792913
 1977-Sep-12 03:59:24.383     04 27 32.08 +25 48 21.5  0.03906224213739  10.1918140  172.145942 -15.793195
 1977-Sep-12 04:59:24.383     04 27 31.97 +25 48 21.5  0.03930746192811  10.1910473  172.145685 -15.793491
 1977-Sep-12 05:59:24.383     04 27 31.86 +25 48 21.4  0.03955266325111  10.1902786  172.145420 -15.793800
 1977-Sep-12 06:59:24.383     04 27 31.75 +25 48 21.4  0.03979784605926  10.1895080  172.145147 -15.794123
 1977-Sep-12 07:59:24.383     04 27 31.64 +25 48 21.3  0.04004301030563  10.1887355  172.144866 -15.794460
 1977-Sep-12 08:59:24.383     04 27 31.52 +25 48 21.2  0.04028815594358  10.1879610  172.144576 -15.794810
 1977-Sep-12 09:59:24.383     04 27 31.39 +25 48 21.1  0.04053328292667  10.1871845  172.144278 -15.795174
 1977-Sep-12 10:59:24.383     04 27 31.26 +25 48 21.0  0.04077839120864  10.1864062  172.143971 -15.795551
 1977-Sep-12 11:59:24.383     04 27 31.13 +25 48 20.9  0.04102348074357  10.1856259  172.143657 -15.795941
 1977-Sep-12 12:59:24.383     04 27 30.99 +25 48 20.8  0.04126855148574  10.1848438  172.143335 -15.796344
 1977-Sep-12 13:59:24.383     04 27 30.85 +25 48 20.6  0.04151360338967  10.1840598  172.143004 -15.796760
 1977-Sep-12 14:59:24.383     04 27 30.71 +25 48 20.5  0.04175863641009  10.1832739  172.142666 -15.797189
 1977-Sep-12 15:59:24.383     04 27 30.56 +25 48 20.3  0.04200365050210  10.1824861  172.142320 -15.797631
 1977-Sep-12 16:59:24.383     04 27 30.41 +25 48 20.1  0.04224864562097  10.1816965  172.141966 -15.798086
 1977-Sep-12 17:59:24.383     04 27 30.25 +25 48 20.0  0.04249362172222  10.1809050  172.141605 -15.798553
 1977-Sep-12 18:59:24.383     04 27 30.09 +25 48 19.8  0.04273857876164  10.1801117  172.141235 -15.799033
 1977-Sep-12 19:59:24.383     04 27 29.93 +25 48 19.6  0.04298351669538  10.1793166  172.140858 -15.799526
 1977-Sep-12 20:59:24.383     04 27 29.76 +25 48 19.4  0.04322843547973  10.1785197  172.140474 -15.800031
 1977-Sep-12 21:59:24.383     04 27 29.59 +25 48 19.1  0.04347333507132  10.1777210  172.140081 -15.800548
 1977-Sep-12 22:59:24.383     04 27 29.42 +25 48 18.9  0.04371821542704  10.1769205  172.139682 -15.801078
 1977-Sep-12 23:59:24.383     04 27 29.24 +25 48 18.7  0.04396307650402  10.1761182  172.139274 -15.801620
 1977-Sep-13 00:59:24.383     04 27 29.06 +25 48 18.4  0.04420791825973  10.1753141  172.138860 -15.802174
 1977-Sep-13 01:59:24.383     04 27 28.87 +25 48 18.1  0.04445274065189  10.1745083  172.138438 -15.802741
 1977-Sep-13 02:59:24.383     04 27 28.68 +25 48 17.9  0.04469754363844  10.1737008  172.138008 -15.803320
 1977-Sep-13 03:59:24.383     04 27 28.49 +25 48 17.6  0.04494232717770  10.1728915  172.137571 -15.803910
 1977-Sep-13 04:59:24.383     04 27 28.29 +25 48 17.3  0.04518709122821  10.1720805  172.137127 -15.804513
 1977-Sep-13 05:59:24.383     04 27 28.09 +25 48 17.0  0.04543183574878  10.1712678  172.136676 -15.805127
 1977-Sep-13 06:59:24.383     04 27 27.89 +25 48 16.7  0.04567656069857  10.1704534  172.136217 -15.805754
 1977-Sep-13 07:59:24.383     04 27 27.68 +25 48 16.4  0.04592126603692  10.1696374  172.135752 -15.806392
 1977-Sep-13 08:59:24.383     04 27 27.47 +25 48 16.1  0.04616595172354  10.1688196  172.135279 -15.807042
 1977-Sep-13 09:59:24.383     04 27 27.23 +25 48 15.6  0.04641069963539  10.1768542  172.134767 -15.807777
 1977-Sep-13 10:59:24.383     04 27 26.95 +25 48 15.0  0.04665561632101  10.1787428  172.134178 -15.808694
 1977-Sep-13 11:59:24.383     04 27 26.66 +25 48 14.3  0.04690052104509  10.1779204  172.133579 -15.809626
 1977-Sep-13 12:59:24.383     04 27 26.37 +25 48 13.6  0.04714540596646  10.1770965  172.132975 -15.810567
 1977-Sep-13 13:59:24.383     04 27 26.07 +25 48 12.9  0.04739027104632  10.1762709  172.132365 -15.811518
 1977-Sep-13 14:59:24.383     04 27 25.78 +25 48 12.2  0.04763511624623  10.1754437  172.131748 -15.812477
 1977-Sep-13 15:59:24.383     04 27 25.48 +25 48 11.5  0.04787994152794  10.1746149  172.131126 -15.813445
 1977-Sep-13 16:59:24.383     04 27 25.17 +25 48 10.8  0.04812474685359  10.1737845  172.130498 -15.814423
 1977-Sep-13 17:59:24.383     04 27 24.87 +25 48 10.1  0.04836953218553  10.1729526  172.129864 -15.815409
 1977-Sep-13 18:59:24.383     04 27 24.56 +25 48 09.4  0.04861429748639  10.1721192  172.129224 -15.816404
 1977-Sep-13 19:59:24.383     04 27 24.25 +25 48 08.6  0.04885904271915  10.1712842  172.128579 -15.817408
 1977-Sep-13 20:59:24.383     04 27 23.93 +25 48 07.9  0.04910376784705  10.1704477  172.127927 -15.818421
 1977-Sep-13 21:59:24.383     04 27 23.62 +25 48 07.2  0.04934847283360  10.1696097  172.127270 -15.819443
 1977-Sep-13 22:59:24.383     04 27 23.30 +25 48 06.4  0.04959315764258  10.1687701  172.126607 -15.820474
 1977-Sep-13 23:59:24.383     04 27 22.98 +25 48 05.7  0.04983782223810  10.1679291  172.125938 -15.821514
 1977-Sep-14 00:59:24.383     04 27 22.65 +25 48 04.9  0.05008246658450  10.1670867  172.125263 -15.822563
 1977-Sep-14 01:59:24.383     04 27 22.32 +25 48 04.1  0.05032709064649  10.1662427  172.124583 -15.823621
 1977-Sep-14 02:59:24.383     04 27 21.99 +25 48 03.4  0.05057169438897  10.1653973  172.123896 -15.824688
 1977-Sep-14 03:59:24.383     04 27 21.66 +25 48 02.6  0.05081627777713  10.1645505  172.123204 -15.825764
 1977-Sep-14 04:59:24.383     04 27 21.32 +25 48 01.8  0.05106084077654  10.1637022  172.122506 -15.826849
 1977-Sep-14 05:59:24.383     04 27 20.98 +25 48 01.0  0.05130538335287  10.1628525  172.121803 -15.827942
 1977-Sep-14 06:59:24.383     04 27 20.64 +25 48 00.2  0.05154990547227  10.1620014  172.121094 -15.829045
 1977-Sep-14 07:59:24.383     04 27 20.30 +25 47 59.4  0.05179440710100  10.1611490  172.120378 -15.830156
 1977-Sep-14 08:59:24.383     04 27 19.95 +25 47 58.6  0.05203888820568  10.1602951  172.119658 -15.831277
 1977-Sep-14 09:59:24.383     04 27 19.60 +25 47 57.8  0.05228334875321  10.1594398  172.118931 -15.832406
 1977-Sep-14 10:59:24.383     04 27 19.25 +25 47 57.0  0.05252778871071  10.1585832  172.118199 -15.833545
 1977-Sep-14 11:59:24.383     04 27 18.89 +25 47 56.1  0.05277220804561  10.1577253  172.117461 -15.834692
 1977-Sep-14 12:59:24.383     04 27 18.53 +25 47 55.3  0.05301660672563  10.1568660  172.116717 -15.835849
 1977-Sep-14 13:59:24.383     04 27 18.17 +25 47 54.4  0.05326098471872  10.1560054  172.115968 -15.837014
 1977-Sep-14 14:59:24.383     04 27 17.81 +25 47 53.6  0.05350534199308  10.1551435  172.115213 -15.838188
 1977-Sep-14 15:59:24.383     04 27 17.44 +25 47 52.7  0.05374967851721  10.1542802  172.114452 -15.839371
 1977-Sep-14 16:59:24.383     04 27 17.07 +25 47 51.9  0.05399399425993  10.1534157  172.113686 -15.840563
 1977-Sep-14 17:59:24.383     04 27 16.70 +25 47 51.0  0.05423828919017  10.1525499  172.112914 -15.841764
 1977-Sep-14 18:59:24.383     04 27 16.33 +25 47 50.1  0.05448256327724  10.1516828  172.112136 -15.842974
 1977-Sep-14 19:59:24.383     04 27 15.95 +25 47 49.2  0.05472681649070  10.1508145  172.111353 -15.844193
 1977-Sep-14 20:59:24.383     04 27 15.57 +25 47 48.3  0.05497104880037  10.1499449  172.110564 -15.845421
 1977-Sep-14 21:59:24.383     04 27 15.19 +25 47 47.4  0.05521526017625  10.1490741  172.109769 -15.846658
 1977-Sep-14 22:59:24.383     04 27 14.80 +25 47 46.5  0.05545945058868  10.1482020  172.108969 -15.847903
 1977-Sep-14 23:59:24.383     04 27 14.41 +25 47 45.6  0.05570362000819  10.1473287  172.108163 -15.849158
 1977-Sep-15 00:59:24.383     04 27 14.02 +25 47 44.7  0.05594776840564  10.1464542  172.107351 -15.850422
 1977-Sep-15 01:59:24.383     04 27 13.63 +25 47 43.8  0.05619189575206  10.1455785  172.106534 -15.851694
 1977-Sep-15 02:59:24.383     04 27 13.23 +25 47 42.8  0.05643600201877  10.1447017  172.105711 -15.852976
 1977-Sep-15 03:59:24.383     04 27 12.83 +25 47 41.9  0.05668008717729  10.1438236  172.104883 -15.854266
 1977-Sep-15 04:59:24.383     04 27 12.43 +25 47 41.0  0.05692415119947  10.1429444  172.104049 -15.855566
 1977-Sep-15 05:59:24.383     04 27 12.02 +25 47 40.0  0.05716819405729  10.1420640  172.103209 -15.856874
 1977-Sep-15 06:59:24.383     04 27 11.62 +25 47 39.0  0.05741221572312  10.1411825  172.102364 -15.858192
 1977-Sep-15 07:59:24.383     04 27 11.21 +25 47 38.1  0.05765621616938  10.1402998  172.101513 -15.859518
 1977-Sep-15 08:59:24.383     04 27 10.79 +25 47 37.1  0.05790019536884  10.1394160  172.100656 -15.860853
 1977-Sep-15 09:59:24.383     04 27 10.38 +25 47 36.1  0.05814415329454  10.1385311  172.099794 -15.862198
 1977-Sep-15 10:59:24.383     04 27 09.96 +25 47 35.1  0.05838808991969  10.1376451  172.098927 -15.863551
 1977-Sep-15 11:59:24.383     04 27 09.54 +25 47 34.1  0.05863200521768  10.1367580  172.098054 -15.864913
 1977-Sep-15 12:59:24.383     04 27 09.11 +25 47 33.1  0.05887589916224  10.1358698  172.097175 -15.866285
 1977-Sep-15 13:59:24.383     04 27 08.69 +25 47 32.1  0.05911977172726  10.1349805  172.096290 -15.867665
 1977-Sep-15 14:59:24.383     04 27 08.26 +25 47 31.1  0.05936362288689  10.1340901  172.095400 -15.869054
 1977-Sep-15 15:59:24.383     04 27 07.83 +25 47 30.1  0.05960745261548  10.1331987  172.094505 -15.870452
 1977-Sep-15 16:59:24.383     04 27 07.39 +25 47 29.0  0.05985126088757  10.1323062  172.093604 -15.871859
 1977-Sep-15 17:59:24.383     04 27 06.95 +25 47 28.0  0.06009504767800  10.1314127  172.092697 -15.873275
 1977-Sep-15 18:59:24.383     04 27 06.51 +25 47 27.0  0.06033881296180  10.1305182  172.091785 -15.874701
 1977-Sep-15 19:59:24.383     04 27 06.07 +25 47 25.9  0.06058255671413  10.1296226  172.090867 -15.876135
 1977-Sep-15 20:59:24.383     04 27 05.62 +25 47 24.8  0.06082627891051  10.1287260  172.089944 -15.877578
 1977-Sep-15 21:59:24.383     04 27 05.17 +25 47 23.8  0.06106997952655  10.1278284  172.089015 -15.879030
 1977-Sep-15 22:59:24.383     04 27 04.72 +25 47 22.7  0.06131365853813  10.1269298  172.088080 -15.880491
 1977-Sep-15 23:59:24.383     04 27 04.27 +25 47 21.6  0.06155731592136  10.1260302  172.087140 -15.881961
 1977-Sep-16 00:59:24.383     04 27 03.81 +25 47 20.5  0.06180095165245  10.1251296  172.086195 -15.883441
 1977-Sep-16 01:59:24.383     04 27 03.35 +25 47 19.4  0.06204456570799  10.1242281  172.085243 -15.884929
 1977-Sep-16 02:59:24.383     04 27 02.89 +25 47 18.3  0.06228815806459  10.1233255  172.084287 -15.886426
 1977-Sep-16 03:59:24.383     04 27 02.42 +25 47 17.2  0.06253172869918  10.1224221  172.083325 -15.887932
 1977-Sep-16 04:59:24.383     04 27 01.96 +25 47 16.1  0.06277527758887  10.1215177  172.082357 -15.889448
 1977-Sep-16 05:59:24.383     04 27 01.49 +25 47 15.0  0.06301880471094  10.1206123  172.081383 -15.890972
 1977-Sep-16 06:59:24.383     04 27 01.01 +25 47 13.8  0.06326231004291  10.1197060  172.080405 -15.892505
 1977-Sep-16 07:59:24.383     04 27 00.54 +25 47 12.7  0.06350579356245  10.1187988  172.079420 -15.894048
 1977-Sep-16 08:59:24.383     04 27 00.06 +25 47 11.5  0.06374925524744  10.1178907  172.078430 -15.895599
 1977-Sep-16 09:59:24.383     04 26 59.58 +25 47 10.4  0.06399269507599  10.1169816  172.077435 -15.897159
 1977-Sep-16 10:59:24.383     04 26 59.09 +25 47 09.2  0.06423611302633  10.1160717  172.076434 -15.898729
 1977-Sep-16 11:59:24.383     04 26 58.61 +25 47 08.0  0.06447950907695  10.1151609  172.075427 -15.900308
 1977-Sep-16 12:59:24.383     04 26 58.12 +25 47 06.9  0.06472288320651  10.1142492  172.074415 -15.901895
 1977-Sep-16 13:59:24.383     04 26 57.62 +25 47 05.7  0.06496623539380  10.1133366  172.073397 -15.903492
 1977-Sep-16 14:59:24.383     04 26 57.13 +25 47 04.5  0.06520956561791  10.1124231  172.072374 -15.905098
 1977-Sep-16 15:59:24.383     04 26 56.63 +25 47 03.3  0.06545287385799  10.1115088  172.071346 -15.906712
 1977-Sep-16 16:59:24.383     04 26 56.13 +25 47 02.1  0.06569616009349  10.1105936  172.070311 -15.908336
 1977-Sep-16 17:59:24.383     04 26 55.63 +25 47 00.9  0.06593942430395  10.1096776  172.069271 -15.909969
 1977-Sep-16 18:59:24.383     04 26 55.12 +25 46 59.6  0.06618266646912  10.1087608  172.068226 -15.911611
 1977-Sep-16 19:59:24.383     04 26 54.61 +25 46 58.4  0.06642588656895  10.1078431  172.067175 -15.913263
 1977-Sep-16 20:59:24.383     04 26 54.10 +25 46 57.2  0.06666908458358  10.1069246  172.066119 -15.914923
 1977-Sep-16 21:59:24.383     04 26 53.58 +25 46 55.9  0.06691226049329  10.1060052  172.065057 -15.916592
 1977-Sep-16 22:59:24.383     04 26 53.07 +25 46 54.7  0.06715541427853  10.1050851  172.063990 -15.918271
 1977-Sep-16 23:59:24.383     04 26 52.55 +25 46 53.4  0.06739854591998  10.1041642  172.062917 -15.919958
 1977-Sep-17 00:59:24.383     04 26 52.02 +25 46 52.1  0.06764165539843  10.1032425  172.061838 -15.921655
 1977-Sep-17 01:59:24.383     04 26 51.50 +25 46 50.8  0.06788474269489  10.1023199  172.060754 -15.923361
 1977-Sep-17 02:59:24.383     04 26 50.97 +25 46 49.6  0.06812780779059  10.1013966  172.059664 -15.925076
 1977-Sep-17 03:59:24.383     04 26 50.44 +25 46 48.3  0.06837085066679  10.1004726  172.058569 -15.926800
 1977-Sep-17 04:59:24.383     04 26 49.91 +25 46 47.0  0.06861387130508  10.0995478  172.057469 -15.928533
 1977-Sep-17 05:59:24.383     04 26 49.37 +25 46 45.7  0.06885686968707  10.0986222  172.056362 -15.930275
 1977-Sep-17 06:59:24.383     04 26 48.83 +25 46 44.3  0.06909984579470  10.0976958  172.055251 -15.932027
 1977-Sep-17 07:59:24.383     04 26 48.29 +25 46 43.0  0.06934279960995  10.0967687  172.054133 -15.933787
 1977-Sep-17 08:59:24.383     04 26 47.74 +25 46 41.7  0.06958573111505  10.0958409  172.053010 -15.935557
 1977-Sep-17 09:59:24.383     04 26 47.20 +25 46 40.3  0.06982864029234  10.0949124  172.051882 -15.937336
 1977-Sep-17 10:59:24.383     04 26 46.65 +25 46 39.0  0.07007152712435  10.0939831  172.050748 -15.939124
 1977-Sep-17 11:59:24.383     04 26 46.09 +25 46 37.6  0.07031439159382  10.0930531  172.049609 -15.940921
 1977-Sep-17 12:59:24.383     04 26 45.54 +25 46 36.3  0.07055723368363  10.0921224  172.048463 -15.942728
 1977-Sep-17 13:59:24.383     04 26 44.98 +25 46 34.9  0.07080005337681  10.0911910  172.047313 -15.944543
 1977-Sep-17 14:59:24.383     04 26 44.42 +25 46 33.5  0.07104285065652  10.0902589  172.046157 -15.946368
 1977-Sep-17 15:59:24.383     04 26 43.85 +25 46 32.1  0.07128562550619  10.0893261  172.044995 -15.948202
 1977-Sep-17 16:59:24.383     04 26 43.29 +25 46 30.7  0.07152837790938  10.0883927  172.043828 -15.950045
 1977-Sep-17 17:59:24.383     04 26 42.72 +25 46 29.3  0.07177110784973  10.0874585  172.042655 -15.951898
 1977-Sep-17 18:59:24.383     04 26 42.14 +25 46 27.9  0.07201381531116  10.0865237  172.041477 -15.953759
 1977-Sep-17 19:59:24.383     04 26 41.57 +25 46 26.5  0.07225650027774  10.0855883  172.040293 -15.955630
 1977-Sep-17 20:59:24.383     04 26 40.99 +25 46 25.1  0.07249916273361  10.0846521  172.039103 -15.957510
 1977-Sep-17 21:59:24.383     04 26 40.41 +25 46 23.7  0.07274180266320  10.0837154  172.037908 -15.959400
 1977-Sep-17 22:59:24.383     04 26 39.83 +25 46 22.2  0.07298442005107  10.0827780  172.036707 -15.961298
 1977-Sep-17 23:59:24.383     04 26 39.24 +25 46 20.8  0.07322701488188  10.0818399  172.035501 -15.963206
 1977-Sep-18 00:59:24.383     04 26 38.65 +25 46 19.3  0.07346958714053  10.0809013  172.034289 -15.965123
 1977-Sep-18 01:59:24.383     04 26 38.06 +25 46 17.8  0.07371213681207  10.0799620  172.033072 -15.967049
 1977-Sep-18 02:59:24.383     04 26 37.46 +25 46 16.4  0.07395466388169  10.0790221  172.031849 -15.968985
 1977-Sep-18 03:59:24.383     04 26 36.87 +25 46 14.9  0.07419716833484  10.0780816  172.030620 -15.970929
 1977-Sep-18 04:59:24.383     04 26 36.27 +25 46 13.4  0.07443965015698  10.0771405  172.029386 -15.972883
 1977-Sep-18 05:59:24.383     04 26 35.66 +25 46 11.9  0.07468210933390  10.0761988  172.028146 -15.974847
 1977-Sep-18 06:59:24.383     04 26 35.06 +25 46 10.4  0.07492454585148  10.0752565  172.026901 -15.976819
 1977-Sep-18 07:59:24.383     04 26 34.45 +25 46 08.9  0.07516695969574  10.0743137  172.025650 -15.978801
 1977-Sep-18 08:59:24.383     04 26 33.84 +25 46 07.4  0.07540935085295  10.0733703  172.024394 -15.980793
 1977-Sep-18 09:59:24.383     04 26 33.22 +25 46 05.8  0.07565171930952  10.0724263  172.023131 -15.982793
 1977-Sep-18 10:59:24.383     04 26 32.61 +25 46 04.3  0.07589406505199  10.0714818  172.021864 -15.984803
 1977-Sep-18 11:59:24.383     04 26 31.99 +25 46 02.8  0.07613638806716  10.0705367  172.020590 -15.986822
 1977-Sep-18 12:59:24.383     04 26 31.36 +25 46 01.2  0.07637868834191  10.0695911  172.019311 -15.988851
 1977-Sep-18 13:59:24.383     04 26 30.74 +25 45 59.6  0.07662096586335  10.0686449  172.018027 -15.990889
 1977-Sep-18 14:59:24.383     04 26 30.11 +25 45 58.1  0.07686322061875  10.0676982  172.016737 -15.992936
 1977-Sep-18 15:59:24.383     04 26 29.48 +25 45 56.5  0.07710545259560  10.0667510  172.015441 -15.994992
 1977-Sep-18 16:59:24.383     04 26 28.84 +25 45 54.9  0.07734766178148  10.0658033  172.014139 -15.997058
 1977-Sep-18 17:59:24.383     04 26 28.21 +25 45 53.3  0.07758984816423  10.0648551  172.012832 -15.999134
 1977-Sep-18 18:59:24.383     04 26 27.57 +25 45 51.7  0.07783201173182  10.0639064  172.011519 -16.001218
 1977-Sep-18 19:59:24.383     04 26 26.93 +25 45 50.1  0.07807415247240  10.0629572  172.010201 -16.003312
 1977-Sep-18 20:59:24.383     04 26 26.28 +25 45 48.5  0.07831627037437  10.0620075  172.008877 -16.005416
 1977-Sep-18 21:59:24.383     04 26 25.63 +25 45 46.9  0.07855836542622  10.0610574  172.007547 -16.007529
 1977-Sep-18 22:59:24.383     04 26 24.98 +25 45 45.2  0.07880043761672  10.0601068  172.006212 -16.009651
 1977-Sep-18 23:59:24.383     04 26 24.33 +25 45 43.6  0.07904248693473  10.0591557  172.004871 -16.011783
 1977-Sep-19 00:59:24.383     04 26 23.67 +25 45 41.9  0.07928451336937  10.0582042  172.003524 -16.013924
 1977-Sep-19 01:59:24.383     04 26 23.01 +25 45 40.3  0.07952651690991  10.0572522  172.002172 -16.016074
 1977-Sep-19 02:59:24.383     04 26 22.35 +25 45 38.6  0.07976849754585  10.0562998  172.000813 -16.018234
 1977-Sep-19 03:59:24.383     04 26 21.68 +25 45 36.9  0.08001045526682  10.0553470  171.999450 -16.020404
 1977-Sep-19 04:59:24.383     04 26 21.02 +25 45 35.2  0.08025239006269  10.0543938  171.998080 -16.022582
 1977-Sep-19 05:59:24.383     04 26 20.35 +25 45 33.5  0.08049430192350  10.0534401  171.996705 -16.024771
 1977-Sep-19 06:59:24.383     04 26 19.67 +25 45 31.8  0.08073619083953  10.0524860  171.995324 -16.026969
 1977-Sep-19 07:59:24.383     04 26 19.00 +25 45 30.1  0.08097805680123  10.0515316  171.993938 -16.029176
 1977-Sep-19 08:59:24.383     04 26 18.32 +25 45 28.4  0.08121989979923  10.0505768  171.992545 -16.031393
 1977-Sep-19 09:59:24.383     04 26 17.63 +25 45 26.7  0.08146171982438  10.0496216  171.991147 -16.033619
 1977-Sep-19 10:59:24.383     04 26 16.95 +25 45 25.0  0.08170351686774  10.0486660  171.989744 -16.035855
 1977-Sep-19 11:59:24.383     04 26 16.26 +25 45 23.2  0.08194529092060  10.0477100  171.988334 -16.038100
 1977-Sep-19 12:59:24.383     04 26 15.57 +25 45 21.5  0.08218704197440  10.0467538  171.986919 -16.040355
 1977-Sep-19 13:59:24.383     04 26 14.88 +25 45 19.7  0.08242877002081  10.0457971  171.985498 -16.042620
 1977-Sep-19 14:59:24.383     04 26 14.18 +25 45 17.9  0.08267047505173  10.0448402  171.984071 -16.044894
 1977-Sep-19 15:59:24.383     04 26 13.48 +25 45 16.2  0.08291215705929  10.0438829  171.982639 -16.047177
 1977-Sep-19 16:59:24.383     04 26 12.78 +25 45 14.4  0.08315381603580  10.0429253  171.981201 -16.049470
 1977-Sep-19 17:59:24.383     04 26 12.07 +25 45 12.6  0.08339545197375  10.0419674  171.979757 -16.051773
 1977-Sep-19 18:59:24.383     04 26 11.37 +25 45 10.8  0.08363706486598  10.0410092  171.978307 -16.054085
 1977-Sep-19 19:59:24.383     04 26 10.65 +25 45 09.0  0.08387865470538  10.0400507  171.976852 -16.056407
 1977-Sep-19 20:59:24.383     04 26 09.94 +25 45 07.2  0.08412022148521  10.0390919  171.975390 -16.058738
 1977-Sep-19 21:59:24.383     04 26 09.22 +25 45 05.3  0.08436176519890  10.0381328  171.973923 -16.061080
 1977-Sep-19 22:59:24.383     04 26 08.50 +25 45 03.5  0.08460328584008  10.0371735  171.972450 -16.063430
 1977-Sep-19 23:59:24.383     04 26 07.78 +25 45 01.7  0.08484478340268  10.0362140  171.970972 -16.065791
 1977-Sep-20 00:59:24.383     04 26 07.06 +25 44 59.8  0.08508625788081  10.0352542  171.969487 -16.068161
 1977-Sep-20 01:59:24.383     04 26 06.33 +25 44 58.0  0.08532770926880  10.0342942  171.967997 -16.070540
 1977-Sep-20 02:59:24.383     04 26 05.60 +25 44 56.1  0.08556913756128  10.0333340  171.966501 -16.072930
 1977-Sep-20 03:59:24.383     04 26 04.86 +25 44 54.2  0.08581054275310  10.0323735  171.964999 -16.075329
 1977-Sep-20 04:59:24.383     04 26 04.13 +25 44 52.3  0.08605192483929  10.0314129  171.963491 -16.077737
 1977-Sep-20 05:59:24.383     04 26 03.39 +25 44 50.4  0.08629328381522  10.0304520  171.961977 -16.080156
 1977-Sep-20 06:59:24.383     04 26 02.64 +25 44 48.5  0.08653461967647  10.0294910  171.960458 -16.082584
 1977-Sep-20 07:59:24.383     04 26 01.90 +25 44 46.6  0.08677593241887  10.0285298  171.958932 -16.085022
 1977-Sep-20 08:59:24.383     04 26 01.15 +25 44 44.7  0.08701722203846  10.0275685  171.957401 -16.087469
 1977-Sep-20 09:59:24.383     04 26 00.40 +25 44 42.8  0.08725848853162  10.0266070  171.955864 -16.089927
 1977-Sep-20 10:59:24.383     04 25 59.64 +25 44 40.8  0.08749973189493  10.0256453  171.954321 -16.092394
 1977-Sep-20 11:59:24.383     04 25 58.89 +25 44 38.9  0.08774095212527  10.0246836  171.952772 -16.094871
 1977-Sep-20 12:59:24.383     04 25 58.13 +25 44 36.9  0.08798214921976  10.0237217  171.951217 -16.097357
 1977-Sep-20 13:59:24.383     04 25 57.36 +25 44 35.0  0.08822332317574  10.0227598  171.949656 -16.099854
 1977-Sep-20 14:59:24.383     04 25 56.60 +25 44 33.0  0.08846447399096  10.0217977  171.948089 -16.102360
 1977-Sep-20 15:59:24.383     04 25 55.83 +25 44 31.0  0.08870560166327  10.0208355  171.946517 -16.104876
 1977-Sep-20 16:59:24.383     04 25 55.05 +25 44 29.0  0.08894670619093  10.0198733  171.944938 -16.107402
 1977-Sep-20 17:59:24.383     04 25 54.28 +25 44 27.0  0.08918778757242  10.0189111  171.943354 -16.109937
 1977-Sep-20 18:59:24.383     04 25 53.50 +25 44 25.0  0.08942884580652  10.0179487  171.941763 -16.112483
 1977-Sep-20 19:59:24.383     04 25 52.72 +25 44 23.0  0.08966988089228  10.0169864  171.940167 -16.115038
 1977-Sep-20 20:59:24.383     04 25 51.94 +25 44 21.0  0.08991089282903  10.0160240  171.938564 -16.117604
 1977-Sep-20 21:59:24.383     04 25 51.15 +25 44 19.0  0.09015188161641  10.0150616  171.936956 -16.120179
 1977-Sep-20 22:59:24.383     04 25 50.36 +25 44 16.9  0.09039284725438  10.0140993  171.935342 -16.122764
 1977-Sep-20 23:59:24.383     04 25 49.57 +25 44 14.9  0.09063378974312  10.0131369  171.933721 -16.125359
 1977-Sep-21 00:59:24.383     04 25 48.77 +25 44 12.8  0.09087470908322  10.0121746  171.932095 -16.127964
 1977-Sep-21 01:59:24.383     04 25 47.97 +25 44 10.8  0.09111560527543  10.0112123  171.930462 -16.130578
 1977-Sep-21 02:59:24.383     04 25 47.17 +25 44 08.7  0.09135647832095  10.0102500  171.928824 -16.133203
 1977-Sep-21 03:59:24.383     04 25 46.36 +25 44 06.6  0.09159732822120  10.0092878  171.927180 -16.135838
 1977-Sep-21 04:59:24.383     04 25 45.56 +25 44 04.5  0.09183815497794  10.0083257  171.925529 -16.138482
 1977-Sep-21 05:59:24.383     04 25 44.75 +25 44 02.4  0.09207895859326  10.0073637  171.923873 -16.141137
 1977-Sep-21 06:59:24.383     04 25 43.93 +25 44 00.3  0.09231973906953  10.0064018  171.922210 -16.143802
 1977-Sep-21 07:59:24.383     04 25 43.11 +25 43 58.2  0.09256049640950  10.0054401  171.920541 -16.146476
 1977-Sep-21 08:59:24.383     04 25 42.29 +25 43 56.0  0.09280123061618  10.0044784  171.918867 -16.149161
 1977-Sep-21 09:59:24.383     04 25 41.47 +25 43 53.9  0.09304194169296  10.0035169  171.917186 -16.151856
 1977-Sep-21 10:59:24.383     04 25 40.65 +25 43 51.8  0.09328262964355  10.0025556  171.915499 -16.154560
 1977-Sep-21 11:59:24.383     04 25 39.82 +25 43 49.6  0.09352329447200  10.0015944  171.913806 -16.157275
 1977-Sep-21 12:59:24.383     04 25 38.98 +25 43 47.4  0.09376393618269  10.0006334  171.912107 -16.160000
 1977-Sep-21 13:59:24.383     04 25 38.15 +25 43 45.3  0.09400455478029   9.9996726  171.910401 -16.162735
 1977-Sep-21 14:59:24.383     04 25 37.31 +25 43 43.1  0.09424515026995   9.9987121  171.908690 -16.165480
 1977-Sep-21 15:59:24.383     04 25 36.47 +25 43 40.9  0.09448572265705   9.9977518  171.906972 -16.168235
 1977-Sep-21 16:59:24.383     04 25 35.63 +25 43 38.7  0.09472627194736   9.9967917  171.905249 -16.171000
 1977-Sep-21 17:59:24.383     04 25 34.78 +25 43 36.5  0.09496679814702   9.9958319  171.903519 -16.173776
 1977-Sep-21 18:59:24.383     04 25 33.93 +25 43 34.3  0.09520730126254   9.9948723  171.901783 -16.176561
 1977-Sep-21 19:59:24.383     04 25 33.08 +25 43 32.1  0.09544778130075   9.9939131  171.900041 -16.179357
 1977-Sep-21 20:59:24.383     04 25 32.22 +25 43 29.8  0.09568823826889   9.9929541  171.898292 -16.182163
 1977-Sep-21 21:59:24.383     04 25 31.36 +25 43 27.6  0.09592867217453   9.9919955  171.896537 -16.184979
 1977-Sep-21 22:59:24.383     04 25 30.50 +25 43 25.3  0.09616908302568   9.9910372  171.894777 -16.187806
 1977-Sep-21 23:59:24.383     04 25 29.63 +25 43 23.1  0.09640947083065   9.9900793  171.893010 -16.190642
 1977-Sep-22 00:59:24.383     04 25 28.76 +25 43 20.8  0.09664983559820   9.9891218  171.891236 -16.193489
 1977-Sep-22 01:59:24.383     04 25 27.89 +25 43 18.5  0.09689017733742   9.9881646  171.889457 -16.196346
 1977-Sep-22 02:59:24.383     04 25 27.02 +25 43 16.2  0.09713049605785   9.9872078  171.887671 -16.199213
 1977-Sep-22 03:59:24.383     04 25 26.14 +25 43 13.9  0.09737079176935   9.9862515  171.885879 -16.202091
 1977-Sep-22 04:59:24.383     04 25 25.26 +25 43 11.6  0.09761106448223   9.9852956  171.884080 -16.204979
 1977-Sep-22 05:59:24.383     04 25 24.37 +25 43 09.3  0.09785131420718   9.9843401  171.882276 -16.207877
 1977-Sep-22 06:59:24.383     04 25 23.49 +25 43 07.0  0.09809154095531   9.9833851  171.880465 -16.210785
 1977-Sep-22 07:59:24.383     04 25 22.59 +25 43 04.7  0.09833174473811   9.9824306  171.878647 -16.213704
 1977-Sep-22 08:59:24.383     04 25 21.70 +25 43 02.3  0.09857192556754   9.9814766  171.876824 -16.216633
 1977-Sep-22 09:59:24.383     04 25 20.80 +25 43 00.0  0.09881208345591   9.9805231  171.874994 -16.219573
 1977-Sep-22 10:59:24.383     04 25 19.90 +25 42 57.6  0.09905221841594   9.9795702  171.873158 -16.222523
 1977-Sep-22 11:59:24.383     04 25 19.00 +25 42 55.2  0.09929233046087   9.9786178  171.871315 -16.225483
 1977-Sep-22 12:59:24.383     04 25 18.10 +25 42 52.9  0.09953241960428   9.9776660  171.869466 -16.228453
 1977-Sep-22 13:59:24.383     04 25 17.19 +25 42 50.5  0.09977248586019   9.9767148  171.867610 -16.231435
 1977-Sep-22 14:59:24.383     04 25 16.27 +25 42 48.1  0.10001252924308   9.9757642  171.865749 -16.234426
 1977-Sep-22 15:59:24.383     04 25 15.36 +25 42 45.7  0.10025254976788   9.9748142  171.863881 -16.237428
 1977-Sep-22 16:59:24.383     04 25 14.44 +25 42 43.3  0.10049254744991   9.9738649  171.862006 -16.240441
 1977-Sep-22 17:59:24.383     04 25 13.52 +25 42 40.8  0.10073252230499   9.9729162  171.860125 -16.243464
 1977-Sep-22 18:59:24.383     04 25 12.59 +25 42 38.4  0.10097247434934   9.9719682  171.858237 -16.246497
 1977-Sep-22 19:59:24.383     04 25 11.67 +25 42 35.9  0.10121240359970   9.9710209  171.856344 -16.249541
 1977-Sep-22 20:59:24.383     04 25 10.73 +25 42 33.5  0.10145231007321   9.9700744  171.854443 -16.252595
 1977-Sep-22 21:59:24.383     04 25 09.80 +25 42 31.0  0.10169219378752   9.9691286  171.852536 -16.255661
 1977-Sep-22 22:59:24.383     04 25 08.86 +25 42 28.6  0.10193205476069   9.9681835  171.850623 -16.258736
 1977-Sep-22 23:59:24.383     04 25 07.92 +25 42 26.1  0.10217189301124   9.9672392  171.848703 -16.261822
 1977-Sep-23 00:59:24.383     04 25 06.98 +25 42 23.6  0.10241170855827   9.9662957  171.846777 -16.264919
 1977-Sep-23 01:59:24.383     04 25 06.03 +25 42 21.1  0.10265150142127   9.9653531  171.844844 -16.268026
 1977-Sep-23 02:59:24.383     04 25 05.08 +25 42 18.6  0.10289127162019   9.9644113  171.842905 -16.271144
 1977-Sep-23 03:59:24.383     04 25 04.13 +25 42 16.1  0.10313101917558   9.9634703  171.840959 -16.274273
 1977-Sep-23 04:59:24.383     04 25 03.17 +25 42 13.5  0.10337074410834   9.9625303  171.839007 -16.277412
 1977-Sep-23 05:59:24.383     04 25 02.21 +25 42 11.0  0.10361044643997   9.9615911  171.837048 -16.280562
 1977-Sep-23 06:59:24.383     04 25 01.25 +25 42 08.5  0.10385012619239   9.9606528  171.835082 -16.283723
 1977-Sep-23 07:59:24.383     04 25 00.28 +25 42 05.9  0.10408978338808   9.9597155  171.833110 -16.286894
 1977-Sep-23 08:59:24.383     04 24 59.31 +25 42 03.3  0.10432941805001   9.9587792  171.831131 -16.290076
 1977-Sep-23 09:59:24.383     04 24 58.34 +25 42 00.8  0.10456903020167   9.9578438  171.829146 -16.293269
 1977-Sep-23 10:59:24.383     04 24 57.36 +25 41 58.2  0.10480861986700   9.9569095  171.827154 -16.296472
 1977-Sep-23 11:59:24.383     04 24 56.38 +25 41 55.6  0.10504818707051   9.9559762  171.825155 -16.299687
 1977-Sep-23 12:59:24.383     04 24 55.40 +25 41 53.0  0.10528773183728   9.9550439  171.823150 -16.302912
 1977-Sep-23 13:59:24.383     04 24 54.41 +25 41 50.4  0.10552725419279   9.9541127  171.821138 -16.306148
 1977-Sep-23 14:59:24.383     04 24 53.42 +25 41 47.8  0.10576675416313   9.9531826  171.819120 -16.309394
 1977-Sep-23 15:59:24.383     04 24 52.43 +25 41 45.1  0.10600623177498   9.9522536  171.817094 -16.312652
 1977-Sep-23 16:59:24.383     04 24 51.43 +25 41 42.5  0.10624568705542   9.9513258  171.815062 -16.315920
 1977-Sep-23 17:59:24.383     04 24 50.44 +25 41 39.8  0.10648512003214   9.9503991  171.813024 -16.319199
 1977-Sep-23 18:59:24.383     04 24 49.43 +25 41 37.2  0.10672453073341   9.9494736  171.810978 -16.322489
 1977-Sep-23 19:59:24.383     04 24 48.43 +25 41 34.5  0.10696391918802   9.9485493  171.808926 -16.325790
 1977-Sep-23 20:59:24.383     04 24 47.42 +25 41 31.8  0.10720328542526   9.9476262  171.806868 -16.329102
 1977-Sep-23 21:59:24.383     04 24 46.41 +25 41 29.1  0.10744262947509   9.9467044  171.804802 -16.332425
 1977-Sep-23 22:59:24.383     04 24 45.39 +25 41 26.4  0.10768195136791   9.9457839  171.802730 -16.335759
 1977-Sep-23 23:59:24.383     04 24 44.37 +25 41 23.7  0.10792125113477   9.9448646  171.800651 -16.339103
 1977-Sep-24 00:59:24.383     04 24 43.35 +25 41 21.0  0.10816052880724   9.9439467  171.798565 -16.342459
 1977-Sep-24 01:59:24.383     04 24 42.32 +25 41 18.3  0.10839978441751   9.9430302  171.796472 -16.345826
 1977-Sep-24 02:59:24.383     04 24 41.30 +25 41 15.6  0.10863901799830   9.9421150  171.794372 -16.349203
 1977-Sep-24 03:59:24.383     04 24 40.26 +25 41 12.8  0.10887822958292   9.9412012  171.792266 -16.352592
 1977-Sep-24 04:59:24.383     04 24 39.23 +25 41 10.1  0.10911741920529   9.9402888  171.790153 -16.355992
 1977-Sep-24 05:59:24.383     04 24 38.19 +25 41 07.3  0.10935658689988   9.9393779  171.788033 -16.359403
 1977-Sep-24 06:59:24.383     04 24 37.15 +25 41 04.5  0.10959573270182   9.9384684  171.785906 -16.362824
 1977-Sep-24 07:59:24.383     04 24 36.10 +25 41 01.7  0.10983485664672   9.9375605  171.783772 -16.366257
 1977-Sep-24 08:59:24.383     04 24 35.05 +25 40 58.9  0.11007395877092   9.9366540  171.781631 -16.369701
 1977-Sep-24 09:59:24.383     04 24 34.00 +25 40 56.1  0.11031303911132   9.9357491  171.779484 -16.373157
 1977-Sep-24 10:59:24.383     04 24 32.95 +25 40 53.3  0.11055209770533   9.9348458  171.777329 -16.376623
 1977-Sep-24 11:59:24.383     04 24 31.89 +25 40 50.5  0.11079113459111   9.9339441  171.775168 -16.380100
 1977-Sep-24 12:59:24.383     04 24 30.82 +25 40 47.7  0.11103014980739   9.9330440  171.773000 -16.383589
 1977-Sep-24 13:59:24.383     04 24 29.76 +25 40 44.8  0.11126914339349   9.9321455  171.770824 -16.387089
 1977-Sep-24 14:59:24.383     04 24 28.69 +25 40 42.0  0.11150811538935   9.9312487  171.768642 -16.390600
 1977-Sep-24 15:59:24.383     04 24 27.62 +25 40 39.1  0.11174706583557   9.9303536  171.766453 -16.394122
 1977-Sep-24 16:59:24.383     04 24 26.54 +25 40 36.2  0.11198599477337   9.9294603  171.764256 -16.397656
 1977-Sep-24 17:59:24.383     04 24 25.46 +25 40 33.4  0.11222490224461   9.9285687  171.762053 -16.401200
 1977-Sep-24 18:59:24.383     04 24 24.38 +25 40 30.5  0.11246378829174   9.9276788  171.759843 -16.404756
 1977-Sep-24 19:59:24.383     04 24 23.29 +25 40 27.6  0.11270265295798   9.9267908  171.757626 -16.408324
 1977-Sep-24 20:59:24.383     04 24 22.20 +25 40 24.6  0.11294149628699   9.9259046  171.755401 -16.411902
 1977-Sep-24 21:59:24.383     04 24 21.11 +25 40 21.7  0.11318031832328   9.9250203  171.753170 -16.415492
 1977-Sep-24 22:59:24.383     04 24 20.01 +25 40 18.8  0.11341911911187   9.9241378  171.750932 -16.419094
 1977-Sep-24 23:59:24.383     04 24 18.92 +25 40 15.9  0.11365789869853   9.9232573  171.748686 -16.422706
 1977-Sep-25 00:59:24.383     04 24 17.81 +25 40 12.9  0.11389665712966   9.9223787  171.746434 -16.426331
 1977-Sep-25 01:59:24.383     04 24 16.71 +25 40 09.9  0.11413539445227   9.9215021  171.744174 -16.429966
 1977-Sep-25 02:59:24.383     04 24 15.60 +25 40 07.0  0.11437411071414   9.9206275  171.741907 -16.433613
 1977-Sep-25 03:59:24.383     04 24 14.48 +25 40 04.0  0.11461280596360   9.9197549  171.739633 -16.437271
 1977-Sep-25 04:59:24.383     04 24 13.36 +25 40 01.0  0.11485148024975   9.9188843  171.737352 -16.440941
 1977-Sep-25 05:59:24.383     04 24 12.24 +25 39 58.0  0.11509013362236   9.9180158  171.735064 -16.444622
 1977-Sep-25 06:59:24.383     04 24 11.12 +25 39 55.0  0.11532876613179   9.9171495  171.732768 -16.448315
 1977-Sep-25 07:59:24.383     04 24 09.99 +25 39 51.9  0.11556737782919   9.9162852  171.730466 -16.452019
 1977-Sep-25 08:59:24.383     04 24 08.86 +25 39 48.9  0.11580596876634   9.9154232  171.728156 -16.455735
 1977-Sep-25 09:59:24.383     04 24 07.73 +25 39 45.9  0.11604453899572   9.9145633  171.725839 -16.459462
 1977-Sep-25 10:59:24.383     04 24 06.59 +25 39 42.8  0.11628308857053   9.9137057  171.723515 -16.463201
 1977-Sep-25 11:59:24.383     04 24 05.45 +25 39 39.8  0.11652161754466   9.9128503  171.721184 -16.466951
 1977-Sep-25 12:59:24.383     04 24 04.30 +25 39 36.7  0.11676012597264   9.9119972  171.718845 -16.470713
 1977-Sep-25 13:59:24.383     04 24 03.16 +25 39 33.6  0.11699861390979   9.9111464  171.716499 -16.474486
 1977-Sep-25 14:59:24.383     04 24 02.00 +25 39 30.5  0.11723708141210   9.9102980  171.714146 -16.478271
 1977-Sep-25 15:59:24.383     04 24 00.85 +25 39 27.4  0.11747552853624   9.9094519  171.711786 -16.482068
 1977-Sep-25 16:59:24.383     04 23 59.69 +25 39 24.3  0.11771395533965   9.9086082  171.709418 -16.485877
 1977-Sep-25 17:59:24.383     04 23 58.53 +25 39 21.2  0.11795236188041   9.9077670  171.707043 -16.489697
 1977-Sep-25 18:59:24.383     04 23 57.36 +25 39 18.0  0.11819074821746   9.9069282  171.704661 -16.493528
 1977-Sep-25 19:59:24.383     04 23 56.19 +25 39 14.9  0.11842911441032   9.9060919  171.702271 -16.497372
 1977-Sep-25 20:59:24.383     04 23 55.02 +25 39 11.7  0.11866746051925   9.9052581  171.699874 -16.501227
 1977-Sep-25 21:59:24.383     04 23 53.84 +25 39 08.6  0.11890578660535   9.9044269  171.697470 -16.505094
 1977-Sep-25 22:59:24.383     04 23 52.66 +25 39 05.4  0.11914409273034   9.9035983  171.695058 -16.508973
 1977-Sep-25 23:59:24.383     04 23 51.48 +25 39 02.2  0.11938237895674   9.9027722  171.692639 -16.512863
 1977-Sep-26 00:59:24.383     04 23 50.29 +25 38 59.0  0.11962064534773   9.9019488  171.690212 -16.516765
 1977-Sep-26 01:59:24.383     04 23 49.10 +25 38 55.8  0.11985889196733   9.9011281  171.687779 -16.520679
 1977-Sep-26 02:59:24.383     04 23 47.90 +25 38 52.6  0.12009711888024   9.9003101  171.685337 -16.524605
 1977-Sep-26 03:59:24.383     04 23 46.71 +25 38 49.3  0.12033532615192   9.8994948  171.682889 -16.528543
 1977-Sep-26 04:59:24.383     04 23 45.51 +25 38 46.1  0.12057351384860   9.8986823  171.680432 -16.532492
 1977-Sep-26 05:59:24.383     04 23 44.30 +25 38 42.9  0.12081168203719   9.8978726  171.677969 -16.536454
 1977-Sep-26 06:59:24.383     04 23 43.09 +25 38 39.6  0.12104983078547   9.8970657  171.675498 -16.540427
 1977-Sep-26 07:59:24.383     04 23 41.88 +25 38 36.3  0.12128796016188   9.8962617  171.673019 -16.544412
 1977-Sep-26 08:59:24.383     04 23 40.66 +25 38 33.0  0.12152607023566   9.8954606  171.670533 -16.548409
 1977-Sep-26 09:59:24.383     04 23 39.44 +25 38 29.7  0.12176416107683   9.8946624  171.668040 -16.552418
 1977-Sep-26 10:59:24.383     04 23 38.22 +25 38 26.4  0.12200223275608   9.8938672  171.665539 -16.556439
 1977-Sep-26 11:59:24.383     04 23 36.99 +25 38 23.1  0.12224028534502   9.8930749  171.663030 -16.560472
 1977-Sep-26 12:59:24.383     04 23 35.76 +25 38 19.8  0.12247831891589   9.8922857  171.660514 -16.564517
 1977-Sep-26 13:59:24.383     04 23 34.53 +25 38 16.5  0.12271633354177   9.8914995  171.657991 -16.568574
 1977-Sep-26 14:59:24.383     04 23 33.29 +25 38 13.1  0.12295432929652   9.8907164  171.655460 -16.572643
 1977-Sep-26 15:59:24.383     04 23 32.05 +25 38 09.8  0.12319230625476   9.8899364  171.652921 -16.576724
 1977-Sep-26 16:59:24.383     04 23 30.80 +25 38 06.4  0.12343026449190   9.8891596  171.650375 -16.580817
 1977-Sep-26 17:59:24.383     04 23 29.56 +25 38 03.0  0.12366820408408   9.8883859  171.647821 -16.584922
 1977-Sep-26 18:59:24.383     04 23 28.30 +25 37 59.6  0.12390612510829   9.8876155  171.645260 -16.589039
 1977-Sep-26 19:59:24.383     04 23 27.05 +25 37 56.2  0.12414402764230   9.8868483  171.642690 -16.593168
 1977-Sep-26 20:59:24.383     04 23 25.79 +25 37 52.8  0.12438191176464   9.8860844  171.640114 -16.597310
 1977-Sep-26 21:59:24.383     04 23 24.52 +25 37 49.4  0.12461977755460   9.8853238  171.637529 -16.601463
 1977-Sep-26 22:59:24.383     04 23 23.26 +25 37 46.0  0.12485762509235   9.8845665  171.634937 -16.605629
 1977-Sep-26 23:59:24.383     04 23 21.99 +25 37 42.5  0.12509545445877   9.8838127  171.632338 -16.609807
 1977-Sep-27 00:59:24.383     04 23 20.71 +25 37 39.1  0.12533326573558   9.8830622  171.629731 -16.613997
 1977-Sep-27 01:59:24.383     04 23 19.44 +25 37 35.6  0.12557105900531   9.8823152  171.627116 -16.618199
 1977-Sep-27 02:59:24.383     04 23 18.15 +25 37 32.1  0.12580883435125   9.8815716  171.624493 -16.622413
 1977-Sep-27 03:59:24.383     04 23 16.87 +25 37 28.7  0.12604659185753   9.8808316  171.621862 -16.626640
 1977-Sep-27 04:59:24.383     04 23 15.58 +25 37 25.2  0.12628433160903   9.8800951  171.619224 -16.630879
 1977-Sep-27 05:59:24.383     04 23 14.29 +25 37 21.7  0.12652205369150   9.8793622  171.616579 -16.635130
 1977-Sep-27 06:59:24.383     04 23 12.99 +25 37 18.1  0.12675975819143   9.8786329  171.613925 -16.639393
 1977-Sep-27 07:59:24.383     04 23 11.69 +25 37 14.6  0.12699744519621   9.8779073  171.611264 -16.643669
 1977-Sep-27 08:59:24.383     04 23 10.39 +25 37 11.1  0.12723511479397   9.8771853  171.608595 -16.647957
 1977-Sep-27 09:59:24.383     04 23 09.08 +25 37 07.5  0.12747276707364   9.8764671  171.605918 -16.652257
 1977-Sep-27 10:59:24.383     04 23 07.77 +25 37 04.0  0.12771040212501   9.8757526  171.603233 -16.656570
 1977-Sep-27 11:59:24.383     04 23 06.45 +25 37 00.4  0.12794802003866   9.8750419  171.600541 -16.660895
 1977-Sep-27 12:59:24.383     04 23 05.13 +25 36 56.8  0.12818562090601   9.8743350  171.597841 -16.665232
 1977-Sep-27 13:59:24.383     04 23 03.81 +25 36 53.2  0.12842320481929   9.8736319  171.595132 -16.669582
 1977-Sep-27 14:59:24.383     04 23 02.48 +25 36 49.6  0.12866077187151   9.8729327  171.592417 -16.673944
 1977-Sep-27 15:59:24.383     04 23 01.15 +25 36 46.0  0.12889832215655   9.8722375  171.589693 -16.678319
 1977-Sep-27 16:59:24.383     04 22 59.82 +25 36 42.3  0.12913585576906   9.8715462  171.586961 -16.682706
 1977-Sep-27 17:59:24.383     04 22 58.48 +25 36 38.7  0.12937337280464   9.8708589  171.584222 -16.687105
 1977-Sep-27 18:59:24.383     04 22 57.14 +25 36 35.1  0.12961087335952   9.8701756  171.581475 -16.691517
 1977-Sep-27 19:59:24.383     04 22 55.79 +25 36 31.4  0.12984835753092   9.8694963  171.578720 -16.695941
 1977-Sep-27 20:59:24.383     04 22 54.45 +25 36 27.7  0.13008582541680   9.8688212  171.575957 -16.700378
 1977-Sep-27 21:59:24.383     04 22 53.09 +25 36 24.0  0.13032327711599   9.8681501  171.573186 -16.704828
 1977-Sep-27 22:59:24.383     04 22 51.74 +25 36 20.3  0.13056071272810   9.8674833  171.570407 -16.709289
 1977-Sep-27 23:59:24.383     04 22 50.38 +25 36 16.6  0.13079813235364   9.8668206  171.567620 -16.713764
 1977-Sep-28 00:59:24.383     04 22 49.01 +25 36 12.9  0.13103553609389   9.8661621  171.564825 -16.718251
 1977-Sep-28 01:59:24.383     04 22 47.64 +25 36 09.2  0.13127292405101   9.8655080  171.562023 -16.722750
 1977-Sep-28 02:59:24.383     04 22 46.27 +25 36 05.4  0.13151029632795   9.8648581  171.559212 -16.727262
 1977-Sep-28 03:59:24.383     04 22 44.90 +25 36 01.7  0.13174765302852   9.8642125  171.556394 -16.731787
 1977-Sep-28 04:59:24.383     04 22 43.52 +25 35 57.9  0.13198499425738   9.8635713  171.553567 -16.736324
 1977-Sep-28 05:59:24.383     04 22 42.13 +25 35 54.1  0.13222232011995   9.8629345  171.550733 -16.740874
 1977-Sep-28 06:59:24.383     04 22 40.75 +25 35 50.4  0.13245963072257   9.8623021  171.547890 -16.745437
 1977-Sep-28 07:59:24.383     04 22 39.36 +25 35 46.6  0.13269692617242   9.8616742  171.545040 -16.750012
 1977-Sep-28 08:59:24.383     04 22 37.96 +25 35 42.7  0.13293420657744   9.8610509  171.542181 -16.754600
 1977-Sep-28 09:59:24.383     04 22 36.56 +25 35 38.9  0.13317147204646   9.8604320  171.539315 -16.759200
 1977-Sep-28 10:59:24.383     04 22 35.16 +25 35 35.1  0.13340872268918   9.8598177  171.536440 -16.763813
 1977-Sep-28 11:59:24.383     04 22 33.76 +25 35 31.3  0.13364595861605   9.8592081  171.533558 -16.768439
 1977-Sep-28 12:59:24.383     04 22 32.35 +25 35 27.4  0.13388317993842   9.8586031  171.530667 -16.773078
 1977-Sep-28 13:59:24.383     04 22 30.93 +25 35 23.5  0.13412038676849   9.8580027  171.527768 -16.777729
 1977-Sep-28 14:59:24.383     04 22 29.51 +25 35 19.6  0.13435757921929   9.8574071  171.524861 -16.782393
 1977-Sep-28 15:59:24.383     04 22 28.09 +25 35 15.8  0.13459475740469   9.8568162  171.521947 -16.787070
 1977-Sep-28 16:59:24.383     04 22 26.67 +25 35 11.9  0.13483192143937   9.8562301  171.519024 -16.791760
 1977-Sep-28 17:59:24.383     04 22 25.24 +25 35 07.9  0.13506907143889   9.8556489  171.516093 -16.796462
 1977-Sep-28 18:59:24.383     04 22 23.81 +25 35 04.0  0.13530620751965   9.8550724  171.513154 -16.801177
 1977-Sep-28 19:59:24.383     04 22 22.37 +25 35 00.1  0.13554332979885   9.8545009  171.510206 -16.805905
 1977-Sep-28 20:59:24.383     04 22 20.93 +25 34 56.1  0.13578043839462   9.8539343  171.507251 -16.810646
 1977-Sep-28 21:59:24.383     04 22 19.48 +25 34 52.2  0.13601753342585   9.8533727  171.504288 -16.815400
 1977-Sep-28 22:59:24.383     04 22 18.03 +25 34 48.2  0.13625461501231   9.8528160  171.501316 -16.820166
 1977-Sep-28 23:59:24.383     04 22 16.58 +25 34 44.2  0.13649168327460   9.8522644  171.498336 -16.824945
 1977-Sep-29 00:59:24.383     04 22 15.13 +25 34 40.2  0.13672873833418   9.8517178  171.495348 -16.829738
 1977-Sep-29 01:59:24.383     04 22 13.67 +25 34 36.2  0.13696578031335   9.8511764  171.492352 -16.834543
 1977-Sep-29 02:59:24.383     04 22 12.20 +25 34 32.2  0.13720280933523   9.8506400  171.489348 -16.839361
 1977-Sep-29 03:59:24.383     04 22 10.73 +25 34 28.2  0.13743982552379   9.8501089  171.486336 -16.844192
 1977-Sep-29 04:59:24.383     04 22 09.26 +25 34 24.1  0.13767682900391   9.8495829  171.483315 -16.849035
 1977-Sep-29 05:59:24.383     04 22 07.79 +25 34 20.1  0.13791381990124   9.8490622  171.480286 -16.853892
 1977-Sep-29 06:59:24.383     04 22 06.31 +25 34 16.0  0.13815079834227   9.8485468  171.477249 -16.858762
 1977-Sep-29 07:59:24.383     04 22 04.82 +25 34 11.9  0.13838776445435   9.8480367  171.474204 -16.863644
 1977-Sep-29 08:59:24.383     04 22 03.33 +25 34 07.8  0.13862471836573   9.8475319  171.471151 -16.868540
 1977-Sep-29 09:59:24.383     04 22 01.84 +25 34 03.7  0.13886166020541   9.8470325  171.468089 -16.873449
 1977-Sep-29 10:59:24.383     04 22 00.35 +25 33 59.6  0.13909859010330   9.8465385  171.465019 -16.878370
 1977-Sep-29 11:59:24.383     04 21 58.85 +25 33 55.5  0.13933550819010   9.8460500  171.461941 -16.883305
 1977-Sep-29 12:59:24.383     04 21 57.34 +25 33 51.3  0.13957241459742   9.8455669  171.458854 -16.888253
 1977-Sep-29 13:59:24.383     04 21 55.84 +25 33 47.2  0.13980930945767   9.8450894  171.455760 -16.893213
 1977-Sep-29 14:59:24.383     04 21 54.33 +25 33 43.0  0.14004619290409   9.8446174  171.452657 -16.898187
 1977-Sep-29 15:59:24.383     04 21 52.81 +25 33 38.8  0.14028306507076   9.8441511  171.449546 -16.903174
 1977-Sep-29 16:59:24.383     04 21 51.29 +25 33 34.7  0.14051992609266   9.8436903  171.446426 -16.908173
 1977-Sep-29 17:59:24.383     04 21 49.77 +25 33 30.5  0.14075677610558   9.8432352  171.443298 -16.913186
 1977-Sep-29 18:59:24.383     04 21 48.24 +25 33 26.2  0.14099361524611   9.8427858  171.440162 -16.918212
 1977-Sep-29 19:59:24.383     04 21 46.71 +25 33 22.0  0.14123044365171   9.8423421  171.437018 -16.923251
 1977-Sep-29 20:59:24.383     04 21 45.18 +25 33 17.8  0.14146726146069   9.8419042  171.433865 -16.928303
 1977-Sep-29 21:59:24.383     04 21 43.64 +25 33 13.5  0.14170406881219   9.8414721  171.430704 -16.933369
 1977-Sep-29 22:59:24.383     04 21 42.10 +25 33 09.3  0.14194086584619   9.8410458  171.427535 -16.938447
 1977-Sep-29 23:59:24.383     04 21 40.55 +25 33 05.0  0.14217765270353   9.8406254  171.424357 -16.943538
 1977-Sep-30 00:59:24.383     04 21 39.00 +25 33 00.7  0.14241442952581   9.8402109  171.421171 -16.948643
 1977-Sep-30 01:59:24.383     04 21 37.44 +25 32 56.4  0.14265119645560   9.8398024  171.417977 -16.953761
 1977-Sep-30 02:59:24.383     04 21 35.89 +25 32 52.1  0.14288795363614   9.8393998  171.414774 -16.958892
 1977-Sep-30 03:59:24.383     04 21 34.32 +25 32 47.8  0.14312470121169   9.8390032  171.411563 -16.964036
 1977-Sep-30 04:59:24.383     04 21 32.76 +25 32 43.5  0.14336143932716   9.8386127  171.408343 -16.969193
 1977-Sep-30 05:59:24.383     04 21 31.19 +25 32 39.1  0.14359816812846   9.8382282  171.405115 -16.974364
 1977-Sep-30 06:59:24.383     04 21 29.61 +25 32 34.8  0.14383488776222   9.8378499  171.401879 -16.979548
 1977-Sep-30 07:59:24.383     04 21 28.03 +25 32 30.4  0.14407159837595   9.8374777  171.398635 -16.984745
 1977-Sep-30 08:59:24.383     04 21 26.45 +25 32 26.0  0.14430830011799   9.8371116  171.395382 -16.989955
 1977-Sep-30 09:59:24.383     04 21 24.86 +25 32 21.6  0.14454499313751   9.8367518  171.392120 -16.995178
 1977-Sep-30 10:59:24.383     04 21 23.27 +25 32 17.2  0.14478167758449   9.8363983  171.388850 -17.000415
 1977-Sep-30 11:59:24.383     04 21 21.68 +25 32 12.8  0.14501835360978   9.8360510  171.385572 -17.005665
 1977-Sep-30 12:59:24.383     04 21 20.08 +25 32 08.3  0.14525502136504   9.8357101  171.382286 -17.010928
 1977-Sep-30 13:59:24.383     04 21 18.48 +25 32 03.9  0.14549168100276   9.8353755  171.378991 -17.016204
 1977-Sep-30 14:59:24.383     04 21 16.87 +25 31 59.4  0.14572833267620   9.8350473  171.375687 -17.021494
 1977-Sep-30 15:59:24.383     04 21 15.26 +25 31 55.0  0.14596497653957   9.8347255  171.372375 -17.026797
 1977-Sep-30 16:59:24.383     04 21 13.65 +25 31 50.5  0.14620161274783   9.8344102  171.369055 -17.032113
 1977-Sep-30 17:59:24.383     04 21 12.03 +25 31 46.0  0.14643824145676   9.8341014  171.365726 -17.037443
 1977-Sep-30 18:59:24.383     04 21 10.41 +25 31 41.5  0.14667486282296   9.8337991  171.362389 -17.042786
 1977-Sep-30 19:59:24.383     04 21 08.78 +25 31 37.0  0.14691147700393   9.8335033  171.359043 -17.048142
 1977-Sep-30 20:59:24.383     04 21 07.15 +25 31 32.4  0.14714808415789   9.8332142  171.355689 -17.053511
 1977-Sep-30 21:59:24.383     04 21 05.52 +25 31 27.9  0.14738468444394   9.8329316  171.352326 -17.058894
 1977-Sep-30 22:59:24.383     04 21 03.88 +25 31 23.3  0.14762127802201   9.8326558  171.348955 -17.064291
 1977-Sep-30 23:59:24.383     04 21 02.23 +25 31 18.7  0.14785786505280   9.8323866  171.345575 -17.069700
