 Date__(UT)__HR:MN:SC.fff     R.A._____(ICRF)_____DEC             delta      deldot      GlxLon     GlxLat
 1977-Sep-05 13:59:24.383     23 42 05.61 -04 26 26.6  0.00005202380352   6.4181439   83.804665 -61.923797
 1977-Sep-05 13:59:29.647     23 43 51.21 -04 12 20.1  0.00005225100142   6.4954777   84.858101 -61.972813
 1977-Sep-26 18:30:48.352     04 23 28.90 +25 38 01.3  0.12379271634369   9.8879823  171.646481 -16.587075
 1977-Oct-01 02:53:22.318     04 20 57.45 +25 31 05.4  0.14854379622261   9.8316444  171.335729 -17.085460
 1977-Oct-04 09:31:44.723     04 18 34.69 +25 24 21.5  0.16714355112497   9.8360835  171.041170 -17.556205
 1977-Oct-07 03:19:50.166     04 16 16.07 +25 17 36.7  0.18274875254287   9.8835872  170.753885 -18.014444
 1977-Oct-09 13:17:57.680     04 14 00.03 +25 10 46.5  0.19658725691278   9.9656403  170.470883 -18.465432
 1977-Oct-11 18:00:04.356     04 11 45.85 +25 03 48.5  0.20929169099265  10.0773397  170.190789 -18.911662
 1977-Oct-13 18:58:07.654     04 09 33.13 +24 56 41.5  0.22124330871616  10.2151392  169.912887 -19.354498
 1977-Oct-15 17:13:04.725     04 07 21.65 +24 49 24.5  0.23269797361111  10.3759553  169.636733 -19.794797
 1977-Oct-17 13:27:58.907     04 05 11.22 +24 41 57.3  0.24383951695757  10.5572172  169.361974 -20.233177
 1977-Oct-19 08:14:13.861     04 03 01.70 +24 34 19.3  0.25480542149801  10.7571887  169.088300 -20.670106
 1977-Oct-21 01:55:12.863     04 00 53.00 +24 26 30.5  0.26570211652520  10.9750213  168.815446 -21.105918
 1977-Oct-22 18:48:53.110     03 58 45.04 +24 18 30.9  0.27661583654920  11.2105636  168.543207 -21.540843
 1977-Oct-24 11:09:37.517     03 56 37.78 +24 10 20.5  0.28762057474146  11.4641483  168.271437 -21.975028
 1977-Oct-26 03:09:33.392     03 54 31.18 +24 01 59.3  0.29878383410364  11.7364477  168.000042 -22.408566
 1977-Oct-27 18:59:28.024     03 52 25.25 +23 53 27.4  0.31017091326901  12.0283841  167.728982 -22.841514
 1977-Oct-29 10:49:29.801     03 50 19.98 +23 44 44.7  0.32184835948926  12.3410746  167.458268 -23.273904
 1977-Oct-31 02:49:40.546     03 48 15.38 +23 35 51.1  0.33388702741798  12.6758130  167.187956 -23.705754
 1977-Nov-01 19:10:22.761     03 46 11.49 +23 26 46.3  0.34636507332855  13.0340990  166.918154 -24.137073
 1977-Nov-03 12:02:45.144     03 44 08.33 +23 17 30.1  0.35937123781177  13.4177157  166.649024 -24.567864
 1977-Nov-05 05:39:10.515     03 42 05.96 +23 08 02.0  0.37300889774521  13.8288433  166.380791 -24.998124
 1977-Nov-07 00:13:51.830     03 40 04.43 +22 58 21.6  0.38740159159290  14.2701793  166.113767 -25.427838
 1977-Nov-08 20:03:44.383     03 38 03.85 +22 48 28.1  0.40270108263581  14.7450088  165.848382 -25.856967
 1977-Nov-10 17:29:45.655     03 36 04.32 +22 38 20.7  0.41909955212001  15.2571660  165.585234 -26.285441
 1977-Nov-12 16:58:56.013     03 34 06.01 +22 27 58.0  0.43684811526993  15.8110144  165.325133 -26.713152
 1977-Nov-14 19:07:11.092     03 32 09.15 +22 17 18.6  0.45628458480133  16.4120084  165.069157 -27.139966
 1977-Nov-17 00:43:26.744     03 30 14.02 +22 06 20.2  0.47787621097960  17.0683564  164.818746 -27.565713
 1977-Nov-19 10:56:28.420     03 28 21.02 +21 55 00.0  0.50229364527160  17.7934387  164.575954 -27.990078
 1977-Nov-22 03:28:42.042     03 26 30.85 +21 43 13.9  0.53055820441755  18.6090154  164.344022 -28.412371
 1977-Nov-25 05:07:21.102     03 24 44.74 +21 30 55.9  0.56436928483663  19.5517330  164.128636 -28.831003
 1977-Nov-28 21:03:57.512     03 23 05.35 +21 17 55.7  0.60694754912368  20.6901624  163.941317 -29.241922
 1977-Dec-03 15:13:37.470     03 21 39.93 +21 03 54.5  0.66583019393631  22.1799385  163.811671 -29.631930
 1977-Dec-11 04:21:08.987     03 21 01.64 +20 48 23.1  0.76764966542981  24.5344813  163.863290 -29.927301
 1977-Dec-29 13:55:58.478     03 26 50.13 +20 42 18.2  1.05686613353522  29.7542849  165.146224 -29.149120
 1978-Jan-02 09:51:39.251     03 29 07.63 +20 45 41.2  1.12377594055464  30.7325709  165.574158 -28.762085
 1978-Jan-05 17:33:56.721     03 31 21.89 +20 49 38.0  1.18350859992303  31.5482639  165.979419 -28.373556
 1978-Jan-08 17:31:34.418     03 33 34.40 +20 53 55.2  1.23875430202170  32.2533645  166.369904 -27.982950
 1978-Jan-11 11:59:16.855     03 35 45.77 +20 58 25.9  1.29083740797510  32.8724846  166.749334 -27.590324
 1978-Jan-14 02:18:17.121     03 37 56.34 +21 03 05.7  1.34054883227335  33.4231840  167.119822 -27.195874
 1978-Jan-16 13:23:12.835     03 40 06.33 +21 07 51.7  1.38842390864973  33.9197583  167.482787 -26.799739
 1978-Jan-18 21:52:30.161     03 42 15.90 +21 12 41.9  1.43484198554755  34.3726452  167.839264 -26.402011
 1978-Jan-21 04:13:56.416     03 44 25.17 +21 17 34.8  1.48007746094448  34.7892072  168.190023 -26.002767
 1978-Jan-23 08:48:12.849     03 46 34.21 +21 22 29.1  1.52433382400986  35.1748455  168.535654 -25.602083
 1978-Jan-25 11:51:08.748     03 48 43.10 +21 27 24.0  1.56776571070537  35.5336618  168.876628 -25.200029
 1978-Jan-27 13:35:05.299     03 50 51.89 +21 32 18.7  1.61049265950471  35.8687487  169.213325 -24.796670
 1978-Jan-29 14:09:50.023     03 53 00.60 +21 37 12.6  1.65260786887362  36.1823252  169.546066 -24.392064
 1978-Jan-31 13:43:14.466     03 55 09.28 +21 42 05.0  1.69418417214618  36.4758364  169.875119 -23.986265
 1978-Feb-02 12:21:41.810     03 57 17.95 +21 46 55.6  1.73527840891955  36.7500263  170.200712 -23.579325
 1978-Feb-04 10:10:28.166     03 59 26.63 +21 51 44.0  1.77593483651193  37.0050175  170.523041 -23.171294
 1978-Feb-06 07:14:00.542     04 01 35.33 +21 56 29.8  1.81618825871655  37.2405757  170.842266 -22.762225
 1978-Feb-08 03:36:13.294     04 03 44.07 +22 01 12.7  1.85606749394270  37.4566646  171.158521 -22.352173
 1978-Feb-09 23:20:41.319     04 05 52.83 +22 05 52.5  1.89559880785487  37.6539381  171.471924 -21.941194
 1978-Feb-11 18:30:46.028     04 08 01.63 +22 10 29.0  1.93480786738429  37.8336868  171.782584 -21.529335
 1978-Feb-13 13:09:34.382     04 10 10.48 +22 15 02.0  1.97371965342107  37.9973923  172.090610 -21.116635
 1978-Feb-15 07:19:56.074     04 12 19.38 +22 19 31.3  2.01235747170837  38.1463840  172.396107 -20.703124
 1978-Feb-17 01:04:22.634     04 14 28.34 +22 23 56.6  2.05074226306684  38.2817564  172.699176 -20.288831
 1978-Feb-18 18:25:08.582     04 16 37.36 +22 28 18.0  2.08889247607265  38.4044255  172.999914 -19.873783
 1978-Feb-20 11:24:13.355     04 18 46.44 +22 32 35.1  2.12682425051925  38.5151988  173.298413 -19.458005
 1978-Feb-22 04:03:23.057     04 20 55.60 +22 36 48.0  2.16455164032578  38.6148034  173.594759 -19.041522
 1978-Feb-23 20:24:11.669     04 23 04.83 +22 40 56.3  2.20208672461849  38.7038584  173.889038 -18.624356
 1978-Feb-25 12:28:01.797     04 25 14.15 +22 45 00.1  2.23943957395573  38.7828096  174.181329 -18.206528
 1978-Feb-27 04:16:05.307     04 27 23.54 +22 48 59.1  2.27661813866700  38.8518631  174.471710 -17.788059
 1978-Feb-28 19:49:24.242     04 29 33.02 +22 52 53.3  2.31362818107669  38.9109583  174.760254 -17.368968
 1978-Mar-02 11:08:52.224     04 31 42.59 +22 56 42.6  2.35047335177909  38.9597900  175.047031 -16.949275
 1978-Mar-04 02:15:16.334     04 33 52.25 +23 00 26.9  2.38715544519762  38.9978746  175.332102 -16.528999
 1978-Mar-05 17:09:19.320     04 36 02.00 +23 04 06.0  2.42367483693130  39.0246626  175.615526 -16.108162
 1978-Mar-07 07:51:41.972     04 38 11.83 +23 07 40.0  2.46003110684206  39.0397103  175.897353 -15.686787
 1978-Mar-08 22:23:05.331     04 40 21.74 +23 11 08.7  2.49622378993847  39.0428665  176.177632 -15.264898
 1978-Mar-10 12:44:12.043     04 42 31.74 +23 14 32.1  2.53225304089584  39.0343614  176.456407 -14.842516
 1978-Mar-12 02:55:46.342     04 44 41.81 +23 17 50.1  2.56811993333102  39.0147261  176.733726 -14.419663
 1978-Mar-13 16:58:32.844     04 46 51.96 +23 21 02.7  2.60382631466199  38.9846107  177.009634 -13.996356
 1978-Mar-15 06:53:15.037     04 49 02.18 +23 24 09.8  2.63937441676009  38.9446343  177.284179 -13.572610
 1978-Mar-16 20:40:34.188     04 51 12.48 +23 27 11.3  2.67476648614838  38.8953259  177.557410 -13.148442
 1978-Mar-18 10:21:08.885     04 53 22.84 +23 30 07.3  2.71000456275156  38.8371366  177.829375 -12.723863
 1978-Mar-19 23:55:34.984     04 55 33.28 +23 32 57.6  2.74509039678676  38.7704759  178.100120 -12.298890
 1978-Mar-21 13:24:25.689     04 57 43.80 +23 35 42.2  2.78002543330889  38.6957401  178.369692 -11.873535
 1978-Mar-23 02:48:11.538     04 59 54.37 +23 38 21.0  2.81481078729385  38.6133079  178.638139 -11.447811
 1978-Mar-24 16:07:20.186     05 02 05.02 +23 40 54.0  2.84944714722137  38.5234923  178.905506 -11.021731
 1978-Mar-26 05:22:16.044     05 04 15.74 +23 43 21.1  2.88393458144464  38.4264569  179.171840 -10.595306
 1978-Mar-27 18:33:19.971     05 06 26.52 +23 45 42.3  2.91827228725347  38.3221378  179.437187 -10.168546
 1978-Mar-29 07:40:49.334     05 08 37.36 +23 47 57.5  2.95245839119526  38.2102240  179.701590  -9.741463
 1978-Mar-30 20:44:58.637     05 10 48.27 +23 50 06.7  2.98648991712801  38.0902205  179.965091  -9.314068
 1978-Apr-01 09:46:00.632     05 12 59.24 +23 52 09.9  3.02036296124303  37.9615646  180.227729  -8.886374
 1978-Apr-02 22:44:07.622     05 15 10.27 +23 54 06.9  3.05407301979091  37.8237469  180.489539  -8.458395
 1978-Apr-04 11:39:32.640     05 17 21.35 +23 55 57.9  3.08761538189058  37.6764143  180.750554  -8.030144
 1978-Apr-06 00:32:30.313     05 19 32.48 +23 57 42.7  3.12098551347492  37.5194399  181.010807  -7.601637
 1978-Apr-07 13:23:17.274     05 21 43.65 +23 59 21.3  3.15417936489403  37.3529457  181.270330  -7.172887
 1978-Apr-09 02:12:12.052     05 23 54.87 +24 00 53.8  3.18719353377817  37.1772579  181.529153  -6.743908
 1978-Apr-10 14:59:34.502     05 26 06.13 +24 02 20.0  3.22002525022200  36.9928142  181.787310  -6.314713
 1978-Apr-12 03:45:45.026     05 28 17.41 +24 03 40.1  3.25267222430305  36.8000681  182.044835  -5.885311
 1978-Apr-13 16:31:03.866     05 30 28.73 +24 04 53.9  3.28513244719639  36.5994315  182.301760  -5.455714
 1978-Apr-15 05:15:50.641     05 32 40.08 +24 06 01.4  3.31740402720996  36.3912640  182.558122  -5.025932
 1978-Apr-16 18:00:24.127     05 34 51.46 +24 07 02.6  3.34948509425914  36.1758930  182.813954  -4.595975
 1978-Apr-18 06:45:02.169     05 37 02.86 +24 07 57.5  3.38137376146253  35.9536410  183.069293  -4.165852
 1978-Apr-19 19:30:01.583     05 39 14.28 +24 08 46.1  3.41306810536572  35.7248367  183.324172  -3.735574
 1978-Apr-21 08:15:37.937     05 41 25.71 +24 09 28.3  3.44456611157484  35.4897874  183.578628  -3.305149
 1978-Apr-22 21:02:05.144     05 43 37.16 +24 10 04.1  3.47586553137339  35.2486970  183.832696  -2.874586
 1978-Apr-24 09:49:34.959     05 45 48.63 +24 10 33.5  3.50696362840152  35.0015500  184.086414  -2.443893
 1978-Apr-25 22:38:16.657     05 48 00.10 +24 10 56.5  3.53785688088069  34.7480350  184.339816  -2.013077
 1978-Apr-27 11:28:17.270     05 50 11.59 +24 11 13.0  3.56854079609267  34.4875900  184.592936  -1.582146
 1978-Apr-29 00:19:42.489     05 52 23.08 +24 11 23.0  3.59900997470537  34.2195637  184.845807  -1.151110
 1978-Apr-30 13:12:37.937     05 54 34.56 +24 11 26.6  3.62925840977984  33.9433945  185.098458  -0.719980
 1978-May-02 02:07:10.300     05 56 46.05 +24 11 23.7  3.65927987264960  33.6587170  185.350916  -0.288767
 1978-May-03 15:03:28.005     05 58 57.53 +24 11 14.3  3.68906824639293  33.3653893  185.603210   0.142517
 1978-May-05 04:01:41.459     06 01 08.99 +24 10 58.5  3.71861775318261  33.0634741  185.855366   0.573860
 1978-May-06 17:02:02.940     06 03 20.44 +24 10 36.1  3.74792307763988  32.7531993  186.107411   1.005252
 1978-May-08 06:04:46.259     06 05 31.87 +24 10 07.4  3.77697939808988  32.4349029  186.359374   1.436682
 1978-May-09 19:10:06.286     06 07 43.27 +24 09 32.1  3.80578233890916  32.1089714  186.611283   1.868140
 1978-May-11 08:18:18.449     06 09 54.64 +24 08 50.3  3.83432787004652  31.7757882  186.863170   2.299617
 1978-May-12 21:29:38.310     06 12 05.98 +24 08 02.1  3.86261219271184  31.4357066  187.115064   2.731104
 1978-May-14 10:44:21.277     06 14 17.29 +24 07 07.4  3.89063164705772  31.0890513  187.366996   3.162591
 1978-May-16 00:02:42.434     06 16 28.55 +24 06 06.2  3.91838265846427  30.7361379  187.618998   3.594070
 1978-May-17 13:24:56.412     06 18 39.78 +24 04 58.6  3.94586171360324  30.3772925  187.871102   4.025532
 1978-May-19 02:51:17.187     06 20 50.96 +24 03 44.4  3.97306533130427  30.0128427  188.123341   4.456968
 1978-May-20 16:21:57.704     06 23 02.09 +24 02 23.8  3.99998996877142  29.6430502  188.375748   4.888371
 1978-May-22 05:57:09.302     06 25 13.17 +24 00 56.7  4.02663179939502  29.2679710  188.628358   5.319733
 1978-May-23 19:37:01.153     06 27 24.20 +23 59 23.0  4.05298636154905  28.8873100  188.881204   5.751049
 1978-May-25 09:21:40.187     06 29 35.18 +23 57 42.9  4.07904822535774  28.5004147  189.134319   6.182310
 1978-May-26 23:11:11.912     06 31 46.10 +23 55 56.3  4.10481092034138  28.1064823  189.387735   6.613510
 1978-May-28 13:05:41.922     06 33 56.95 +23 54 03.2  4.13026721884114  27.7048424  189.641479   7.044636
 1978-May-30 03:05:17.319     06 36 07.74 +23 52 03.7  4.15540959623940  27.2951143  189.895578   7.475677
 1978-May-31 17:10:07.475     06 38 18.45 +23 49 57.7  4.18023061856521  26.8772023  190.150060   7.906622
 1978-Jun-02 07:20:24.130     06 40 29.09 +23 47 45.3  4.20472315817862  26.4512173  190.404952   8.337460
 1978-Jun-03 21:36:21.141     06 42 39.65 +23 45 26.5  4.22888047452609  26.0174040  190.660281   8.768179
 1978-Jun-05 11:58:14.115     06 44 50.13 +23 43 01.3  4.25269622239965  25.5760891  190.916077   9.198770
 1978-Jun-07 02:26:20.026     06 47 00.51 +23 40 29.8  4.27616442191799  25.1276435  191.172369   9.629220
 1978-Jun-08 17:00:56.831     06 49 10.81 +23 37 51.9  4.29927940266164  24.6724493  191.429188  10.059522
 1978-Jun-10 07:42:23.125     06 51 21.02 +23 35 07.6  4.32203573307865  24.2108777  191.686566  10.489664
 1978-Jun-11 22:30:57.855     06 53 31.12 +23 32 17.1  4.34442815266052  23.7432843  191.944536  10.919638
 1978-Jun-13 13:27:00.110     06 55 41.13 +23 29 20.3  4.36645152301082  23.2700211  192.203130  11.349432
 1978-Jun-15 04:30:48.913     06 57 51.03 +23 26 17.1  4.38810079809864  22.7914480  192.462383  11.779039
 1978-Jun-16 19:42:42.936     07 00 00.83 +23 23 07.7  4.40937098355185  22.3079129  192.722331  12.208448
 1978-Jun-18 11:02:59.983     07 02 10.52 +23 19 52.0  4.43025701494370  21.8196495  192.983008  12.637651
 1978-Jun-20 02:31:56.255     07 04 20.10 +23 16 30.1  4.45075346724185  21.3265826  193.244452  13.066641
 1978-Jun-21 18:09:45.706     07 06 29.56 +23 13 01.9  4.47085409524699  20.8281550  193.506700  13.495412
 1978-Jun-23 09:56:40.228     07 08 38.92 +23 09 27.6  4.49055143390228  20.3234147  193.769786  13.923954
 1978-Jun-25 01:52:51.178     07 10 48.15 +23 05 47.0  4.50983680780080  19.8114042  194.033742  14.352256
 1978-Jun-26 17:58:31.566     07 12 57.27 +23 02 00.3  4.52870079779355  19.2915284  194.298598  14.780307
 1978-Jun-28 10:13:57.616     07 15 06.25 +22 58 07.4  4.54713381171865  18.7636266  194.564384  15.208091
 1978-Jun-30 02:39:29.156     07 17 15.11 +22 54 08.5  4.56512644133998  18.2278364  194.831129  15.635595
 1978-Jul-01 19:15:29.280     07 19 23.84 +22 50 03.5  4.58266957956348  17.6844452  195.098864  16.062808
 1978-Jul-03 12:02:23.869     07 21 32.43 +22 45 52.6  4.59975441641464  17.1338114  195.367624  16.489715
 1978-Jul-05 05:00:41.189     07 23 40.88 +22 41 35.6  4.61637240521763  16.5763355  195.637440  16.916305
 1978-Jul-06 22:10:51.593     07 25 49.18 +22 37 12.7  4.63251522803710  16.0124471  195.908349  17.342565
 1978-Jul-08 15:33:27.233     07 27 57.34 +22 32 43.9  4.64817475694538  15.4425908  196.180387  17.768485
 1978-Jul-10 09:09:01.784     07 30 05.36 +22 28 09.2  4.66334300649335  14.8672129  196.453590  18.194054
 1978-Jul-12 02:58:10.148     07 32 13.22 +22 23 28.6  4.67801208270834  14.2867570  196.727994  18.619270
 1978-Jul-13 21:01:28.139     07 34 20.93 +22 18 42.3  4.69217413112186  13.7016561  197.003557  19.044140
 1978-Jul-15 15:19:31.986     07 36 28.48 +22 13 50.1  4.70582124984126  13.1122788  197.280477  19.468404
 1978-Jul-17 09:52:57.489     07 38 35.88 +22 08 52.1  4.71894527354116  12.5187616  197.558794  19.892425
 1978-Jul-19 04:42:19.427     07 40 43.12 +22 03 48.3  4.73153735445478  11.9207328  197.838441  20.316040
 1978-Jul-20 23:48:10.580     07 42 50.20 +21 58 38.9  4.74358726796416  11.3171803  198.119492  20.739232
 1978-Jul-22 19:11:03.087     07 44 57.12 +21 53 23.7  4.75508298758819  10.7068026  198.401990  21.161988
 1978-Jul-24 14:51:31.643     07 47 03.88 +21 48 03.0  4.76601091604293  10.0886583  198.685970  21.584293
 1978-Jul-26 10:50:16.775     07 49 10.46 +21 42 36.7  4.77635660795224   9.4624707  198.971467  22.006130
 1978-Jul-28 07:08:06.267     07 51 16.88 +21 37 04.8  4.78610537408680   8.8284535  199.258513  22.427479
 1978-Jul-30 03:45:54.934     07 53 23.12 +21 31 27.5  4.79524250105066   8.1870294  199.547146  22.848322
 1978-Aug-01 00:44:44.030     07 55 29.18 +21 25 44.8  4.80375322813412   7.5386856  199.837403  23.268643
 1978-Aug-02 22:05:40.944     07 57 35.06 +21 19 56.7  4.81162267106603   6.8839523  200.129322  23.688421
 1978-Aug-04 19:49:59.199     07 59 40.75 +21 14 03.4  4.81883577184479   6.2234201  200.422943  24.107640
 1978-Aug-06 17:58:58.513     08 01 46.25 +21 08 04.7  4.82537726628425   5.5577397  200.718309  24.526281
 1978-Aug-08 16:34:04.727     08 03 51.56 +21 02 00.9  4.83123162984603   4.8875880  201.015462  24.944324
 1978-Aug-10 15:36:49.540     08 05 56.68 +20 55 51.8  4.83638297015976   4.2136099  201.314448  25.361752
 1978-Aug-12 15:08:50.021     08 08 01.61 +20 49 37.6  4.84081483582688   3.5363175  201.615313  25.778548
 1978-Aug-14 15:11:47.824     08 10 06.33 +20 43 18.3  4.84450985039255   2.8558687  201.918105  26.194695
 1978-Aug-16 15:47:28.149     08 12 10.86 +20 36 54.0  4.84744899178527   2.1716957  202.222872  26.610178
 1978-Aug-18 16:57:39.594     08 14 15.20 +20 30 24.7  4.84961049042142   1.4823366  202.529658  27.024983
 1978-Aug-20 18:44:17.428     08 16 19.32 +20 23 50.4  4.85096892888212   0.7860587  202.838501  27.439087
 1978-Aug-22 21:09:31.090     08 18 23.24 +20 17 11.4  4.85149534415623   0.0819036  203.149430  27.852461
 1978-Aug-25 00:15:51.705     08 20 26.95 +20 10 27.6  4.85115806569094  -0.6300261  203.462474  28.265071
 1978-Aug-27 04:06:15.684     08 22 30.43 +20 03 39.2  4.84992327062586  -1.3490442  203.777660  28.676885
 1978-Aug-29 08:44:05.966     08 24 33.69 +19 56 46.2  4.84775490269510  -2.0743019  204.095019  29.087870
 1978-Aug-31 14:13:13.984     08 26 36.71 +19 49 48.7  4.84461426326870  -2.8048622  204.414581  29.497989
 1978-Sep-02 20:38:03.270     08 28 39.49 +19 42 46.9  4.84045957331583  -3.5396020  204.736375  29.907205
 1978-Sep-05 04:03:34.096     08 30 42.01 +19 35 40.9  4.83524555433391  -4.2771740  205.060430  30.315476
 1978-Sep-07 12:35:28.135     08 32 44.28 +19 28 30.6  4.82892285289370  -5.0161751  205.386775  30.722761
 1978-Sep-09 22:20:12.782     08 34 46.29 +19 21 16.3  4.82143701826596  -5.7555242  205.715437  31.129019
 1978-Sep-12 09:25:05.876     08 36 48.01 +19 13 58.0  4.81272670691813  -6.4950119  206.046443  31.534207
 1978-Sep-14 21:58:22.811     08 38 49.46 +19 06 35.9  4.80272069705531  -7.2359213  206.379806  31.938282
 1978-Sep-17 12:09:31.563     08 40 50.61 +18 59 10.1  4.79133362157380  -7.9808191  206.715520  32.341182
 1978-Sep-20 04:09:45.912     08 42 51.43 +18 51 41.0  4.77846169304360  -8.7315501  207.053540  32.742823
 1978-Sep-22 22:12:58.141     08 44 51.90 +18 44 08.7  4.76397958728303  -9.4875884  207.393793  33.143088
 1978-Sep-25 18:36:36.873     08 46 51.98 +18 36 33.6  4.74773669494866 -10.2467315  207.736176  33.541842
 1978-Sep-28 17:42:52.549     08 48 51.61 +18 28 56.2  4.72955013624457 -11.0060499  208.080554  33.938915
 1978-Oct-01 20:00:15.699     08 50 50.73 +18 21 16.8  4.70919350851382 -11.7615821  208.426733  34.334090
 1978-Oct-05 02:06:12.992     08 52 49.27 +18 13 36.1  4.68638021555558 -12.5077259  208.774436  34.727080
 1978-Oct-08 12:51:05.630     08 54 47.09 +18 05 55.0  4.66073685714469 -13.2384193  209.123275  35.117509
 1978-Oct-12 05:24:26.328     08 56 44.03 +17 58 14.4  4.63175521888995 -13.9502979  209.472654  35.504848
 1978-Oct-16 05:26:36.132     08 58 39.82 +17 50 36.2  4.59870009509013 -14.6436739  209.821553  35.888245
 1978-Oct-20 15:34:00.756     09 00 33.95 +17 43 03.6  4.56042622584303 -15.3140637  210.168047  36.266100
 1978-Oct-25 16:20:10.574     09 02 25.38 +17 35 42.8  4.51497686878138 -15.9375616  210.508311  36.635174
 1978-Oct-31 17:02:43.640     09 04 11.66 +17 28 47.2  4.45850128640229 -16.4536430  210.833486  36.987761
 1978-Nov-08 18:24:48.996     09 05 44.65 +17 22 59.3  4.38119436278236 -16.6838386  211.114889  37.298064
 1978-Nov-24 03:07:14.321     09 05 57.53 +17 23 43.5  4.23638219499241 -15.6180221  211.124962  37.351397
 1978-Dec-12 10:45:32.197     09 01 18.71 +17 45 18.3  4.09075589852291 -11.3459897  210.207646  36.449273
 1978-Dec-17 12:16:25.097     08 59 07.08 +17 54 53.0  4.06008445411385  -9.5929597  209.791363  36.019337
 1978-Dec-21 19:05:50.715     08 56 58.79 +18 04 01.4  4.03837891758527  -7.9233586  209.392388  35.599037
 1978-Dec-25 14:47:10.608     08 54 52.17 +18 12 52.5  4.02267278831654  -6.2914936  209.004621  35.183251
 1978-Dec-29 02:58:58.108     08 52 46.57 +18 21 30.2  4.01154297755820  -4.6770936  208.625452  34.769916
 1979-Jan-01 09:49:11.142     08 50 41.64 +18 29 56.5  4.00417851140822  -3.0730755  208.253492  34.358032
 1979-Jan-04 12:42:20.463     08 48 37.17 +18 38 12.7  4.00006663158624  -1.4805305  207.887841  33.947017
 1979-Jan-07 12:37:59.689     08 46 33.04 +18 46 19.8  3.99886599288770   0.1009455  207.527830  33.536460
 1979-Jan-10 10:19:41.457     08 44 29.13 +18 54 18.3  4.00034976787896   1.6748482  207.172977  33.126091
 1979-Jan-13 06:20:50.299     08 42 25.39 +19 02 08.6  4.00437209207559   3.2453580  206.822945  32.715741
 1979-Jan-16 01:08:28.353     08 40 21.77 +19 09 51.0  4.01084741102436   4.8164305  206.477485  32.305310
 1979-Jan-18 19:05:36.156     08 38 18.25 +19 17 25.6  4.01973838368378   6.3915775  206.136416  31.894743
 1979-Jan-21 12:32:46.650     08 36 14.81 +19 24 52.4  4.03104923834757   7.9738858  205.799602  31.484019
 1979-Jan-24 05:49:13.238     08 34 11.46 +19 32 11.4  4.04482302852007   9.5661197  205.466944  31.073145
 1979-Jan-26 23:13:47.312     08 32 08.20 +19 39 22.5  4.06114167756305  11.1700342  205.138380  30.662163
 1979-Jan-29 17:05:56.051     08 30 05.04 +19 46 25.6  4.08012721394878  12.7846925  204.813871  30.251142
 1979-Feb-01 11:46:29.499     08 28 02.01 +19 53 20.6  4.10194393536043  14.4074922  204.493377  29.840149
 1979-Feb-04 07:37:55.452     08 25 59.11 +20 00 07.5  4.12680474077835  16.0386170  204.176853  29.429240
 1979-Feb-07 05:04:40.315     08 23 56.37 +20 06 46.0  4.15498425938618  17.6820588  203.864293  29.018492
 1979-Feb-10 04:34:21.727     08 21 53.82 +20 13 16.0  4.18683924364289  19.3442299  203.555744  28.608021
 1979-Feb-13 06:39:40.802     08 19 51.51 +20 19 36.9  4.22283840933548  21.0342915  203.251322  28.197993
 1979-Feb-16 12:00:54.432     08 17 49.53 +20 25 48.2  4.26360881439166  22.7664313  202.951228  27.788638
 1979-Feb-19 21:29:42.602     08 15 47.98 +20 31 49.2  4.31001370630441  24.5654861  202.655781  27.380270
 1979-Feb-23 12:15:06.193     08 13 47.00 +20 37 38.5  4.36329646164392  26.4851639  202.365468  26.973318
 1979-Feb-27 09:52:45.747     08 11 46.77 +20 43 14.5  4.42540394692208  28.6975654  202.080958  26.568224
 1979-Mar-03 16:34:53.834     08 09 47.16 +20 48 34.6  4.50039938075349  32.7274490  201.802678  26.164227
 1979-Mar-08 10:39:28.597     08 09 43.81 +20 49 45.5  4.58376936568721  23.8965068  201.776773  26.158805
 1979-Mar-21 13:37:51.781     08 12 15.22 +20 46 15.6  4.77604243992138  27.0255798  202.071409  26.688337
 1979-Mar-30 01:38:44.354     08 14 44.76 +20 40 43.2  4.91343245779839  28.8671880  202.399640  27.199941
 1979-Apr-05 07:17:24.606     08 17 03.35 +20 34 51.4  5.01934520025119  29.9126566  202.717556  27.670469
 1979-Apr-10 12:24:11.716     08 19 17.58 +20 28 46.6  5.11048737642941  30.6235449  203.033612  28.124481
 1979-Apr-15 02:27:47.579     08 21 29.30 +20 22 31.2  5.19225530401784  31.1037242  203.349958  28.568878
 1979-Apr-19 06:37:42.351     08 23 39.50 +20 16 06.4  5.26765695598788  31.4441856  203.667835  29.007320
 1979-Apr-23 03:27:19.475     08 25 48.60 +20 09 33.2  5.33817050253082  31.6741149  203.987726  29.441462
 1979-Apr-26 18:33:08.884     08 27 56.85 +20 02 52.5  5.40471240257540  31.8086935  204.309842  29.872221
 1979-Apr-30 05:02:05.173     08 30 04.39 +19 56 04.7  5.46791464280813  31.8635916  204.634286  30.300138
 1979-May-03 11:43:47.545     08 32 11.31 +19 49 10.4  5.52825729414357  31.8554726  204.961163  30.725604
 1979-May-06 15:15:55.627     08 34 17.71 +19 42 09.8  5.58611557976699  31.7972560  205.290597  31.148920
 1979-May-09 16:07:22.289     08 36 23.63 +19 35 03.1  5.64178365500292  31.6983543  205.622704  31.570311
 1979-May-12 14:40:40.520     08 38 29.14 +19 27 50.6  5.69549545176736  31.5659889  205.957592  31.989949
 1979-May-15 11:13:40.767     08 40 34.27 +19 20 32.2  5.74743835773214  31.4047487  206.295368  32.407970
 1979-May-18 06:00:34.681     08 42 39.05 +19 13 08.3  5.79775998543018  31.2158882  206.636124  32.824481
 1979-May-20 23:12:50.402     08 44 43.52 +19 05 38.9  5.84657464408329  30.9986764  206.979936  33.239553
 1979-May-23 15:00:05.388     08 46 47.67 +18 58 04.2  5.89397306801440  30.7527484  207.326862  33.653228
 1979-May-26 05:30:45.496     08 48 51.53 +18 50 24.3  5.94003226545558  30.4794881  207.676955  34.065529
 1979-May-28 18:52:25.231     08 50 55.10 +18 42 39.4  5.98482214087961  30.1819031  208.030276  34.476471
 1979-May-31 07:11:53.137     08 52 58.38 +18 34 49.6  6.02840776755890  29.8634396  208.386896  34.886069
 1979-Jun-02 18:35:11.745     08 55 01.40 +18 26 54.9  6.07084889217650  29.5270636  208.746897  35.294336
 1979-Jun-05 05:07:39.875     08 57 04.15 +18 18 55.5  6.11219937794257  29.1751926  209.110362  35.701281
 1979-Jun-07 14:53:57.606     08 59 06.65 +18 10 51.5  6.15250753990627  28.8099584  209.477379  36.106910
 1979-Jun-09 23:58:10.729     09 01 08.91 +18 02 42.7  6.19181665179444  28.4331456  209.848038  36.511225
 1979-Jun-12 08:23:52.765     09 03 10.92 +17 54 29.5  6.23016453655708  28.0455346  210.222431  36.914230
 1979-Jun-14 16:14:06.320     09 05 12.71 +17 46 11.7  6.26758213941663  27.6463289  210.600650  37.315924
 1979-Jun-16 23:31:28.458     09 07 14.27 +17 37 49.4  6.30409292896856  27.2337997  210.982778  37.716299
 1979-Jun-19 06:18:20.792     09 09 15.61 +17 29 22.9  6.33971465862998  26.8066297  211.368893  38.115339
 1979-Jun-21 12:36:58.378     09 11 16.73 +17 20 52.1  6.37446220027482  26.3645796  211.759071  38.513021
 1979-Jun-23 18:29:33.563     09 13 17.63 +17 12 17.1  6.40834963619591  25.9083901  212.153390  38.909320
 1979-Jun-25 23:58:15.979     09 15 18.31 +17 03 38.1  6.44139123667453  25.4394084  212.551935  39.304211
 1979-Jun-28 05:05:10.776     09 17 18.78 +16 54 55.0  6.47360158313485  24.9591629  212.954797  39.697670
 1979-Jun-30 09:52:16.612     09 19 19.03 +16 46 08.0  6.50499519218826  24.4690583  213.362072  40.089671
 1979-Jul-02 14:21:24.437     09 21 19.07 +16 37 17.2  6.53558607797790  23.9703055  213.773860  40.480191
 1979-Jul-04 18:34:17.268     09 23 18.91 +16 28 22.4  6.56538754302333  23.4640148  214.190261  40.869201
 1979-Jul-06 22:32:30.241     09 25 18.54 +16 19 23.9  6.59441214312688  22.9512304  214.611381  41.256677
 1979-Jul-09 02:17:30.014     09 27 17.97 +16 10 21.6  6.62267143135628  22.4326381  215.037328  41.642592
 1979-Jul-11 05:50:33.323     09 29 17.21 +16 01 15.7  6.65017499455405  21.9079350  215.468213  42.026922
 1979-Jul-13 09:12:46.451     09 31 16.25 +15 52 06.1  6.67692903640171  21.3756154  215.904144  42.409639
 1979-Jul-15 12:25:08.488     09 33 15.11 +15 42 53.0  6.70293595485854  20.8338709  216.345224  42.790710
 1979-Jul-17 15:28:37.413     09 35 13.78 +15 33 36.4  6.72819564758477  20.2816794  216.791551  43.170097
 1979-Jul-19 18:24:14.311     09 37 12.26 +15 24 16.4  6.75270727179000  19.7190038  217.243225  43.547758
 1979-Jul-21 21:13:04.038     09 39 10.55 +15 14 53.1  6.77647027375022  19.1464421  217.700351  43.923651
 1979-Jul-23 23:56:14.098     09 41 08.66 +15 05 26.5  6.79948472708526  18.5649091  218.163036  44.297733
 1979-Jul-26 02:34:53.229     09 43 06.58 +14 55 56.8  6.82175134331381  17.9754378  218.631395  44.669962
 1979-Jul-28 05:10:10.130     09 45 04.32 +14 46 23.9  6.84327132569182  17.3790430  219.105543  45.040295
 1979-Jul-30 07:43:12.440     09 47 01.87 +14 36 48.0  6.86404615637258  16.7766564  219.585600  45.408686
 1979-Aug-01 10:15:06.086     09 48 59.25 +14 27 09.1  6.88407742196268  16.1691454  220.071690  45.775092
 1979-Aug-03 12:46:54.801     09 50 56.45 +14 17 27.2  6.90336671896940  15.5573392  220.563936  46.139467
 1979-Aug-05 15:19:39.371     09 52 53.48 +14 07 42.4  6.92191548466968  14.9418657  221.062467  46.501767
 1979-Aug-07 17:54:16.162     09 54 50.34 +13 57 54.7  6.93972436569748  14.3226326  221.567414  46.861948
 1979-Aug-09 20:31:35.684     09 56 47.03 +13 48 04.3  6.95679192016153  13.6983395  222.078906  47.219965
 1979-Aug-11 23:12:23.783     09 58 43.56 +13 38 11.2  6.97311352425917  13.0670072  222.597068  47.575770
 1979-Aug-14 01:57:26.736     10 00 39.93 +13 28 15.4  6.98868183594157  12.4272851  223.122018  47.929307
 1979-Aug-16 04:47:36.371     10 02 36.14 +13 18 17.1  7.00348839595562  11.7789782  223.653872  48.280520
 1979-Aug-18 07:43:51.474     10 04 32.18 +13 08 16.3  7.01752483187198  11.1226373  224.192748  48.629349
 1979-Aug-20 10:47:16.697     10 06 28.07 +12 58 13.2  7.03078325243388  10.4591054  224.738763  48.975743
 1979-Aug-22 13:59:01.207     10 08 23.79 +12 48 07.7  7.04325626476455   9.7893329  225.291978  49.319637
 1979-Aug-24 17:20:17.713     10 10 19.36 +12 38 00.0  7.05493691809971   9.1143200  225.852626  49.660860
 1979-Aug-26 20:52:21.736     10 12 14.77 +12 27 50.1  7.06581862608851   8.4350672  226.420888  49.999505
 1979-Aug-29 00:36:30.999     10 14 10.03 +12 17 38.1  7.07589505827741   7.7525351  226.996785  50.335469
 1979-Aug-31 04:34:04.626     10 16 05.13 +12 07 24.1  7.08516000373984   7.0676213  227.580464  50.668672
 1979-Sep-02 08:46:22.360     10 18 00.09 +11 57 08.1  7.09360718423712   6.3810347  228.172065  50.999051
 1979-Sep-04 13:14:43.152     10 19 54.90 +11 46 50.2  7.10122971834128   5.6928460  228.771723  51.326542
 1979-Sep-06 18:00:23.437     10 21 49.58 +11 36 30.5  7.10801884877305   5.0018606  229.379572  51.651083
 1979-Sep-08 23:04:37.633     10 23 44.11 +11 26 09.0  7.11396238289682   4.3059023  229.995735  51.972607
 1979-Sep-11 04:28:43.800     10 25 38.51 +11 15 46.0  7.11904450249373   3.6033829  230.620322  52.291042
 1979-Sep-13 10:14:11.146     10 27 32.77 +11 05 21.4  7.12324731002873   2.8942190  231.253433  52.606310
 1979-Sep-15 16:22:43.030     10 29 26.89 +10 54 55.3  7.12655233142492   2.1793014  231.895171  52.918331
 1979-Sep-17 22:56:15.992     10 31 20.87 +10 44 28.0  7.12894101434478   1.4598142  232.545639  53.227029
 1979-Sep-20 05:56:58.564     10 33 14.72 +10 33 59.5  7.13039469031309   0.7370281  233.204937  53.532322
 1979-Sep-22 13:27:11.049     10 35 08.43 +10 23 29.9  7.13089450051325   0.0123253  233.873163  53.834133
 1979-Sep-24 21:29:25.670     10 37 02.01 +10 12 59.3  7.13042136626987  -0.7128151  234.550413  54.132380
 1979-Sep-27 06:06:26.459     10 38 55.45 +10 02 27.7  7.12895588276588  -1.4369376  235.236776  54.426987
 1979-Sep-29 15:21:08.746     10 40 48.76 +09 51 55.4  7.12647801865528  -2.1588115  235.932342  54.717874
 1979-Oct-02 01:16:38.241     10 42 41.94 +09 41 22.5  7.12296643877731  -2.8778504  236.637193  55.004968
 1979-Oct-04 11:56:09.787     10 44 35.00 +09 30 49.0  7.11839698258368  -3.5948738  237.351405  55.288196
 1979-Oct-06 23:23:08.242     10 46 27.94 +09 20 15.1  7.11274018755899  -4.3122250  238.075035  55.567484
 1979-Oct-09 11:41:17.625     10 48 20.75 +09 09 41.0  7.10595968053140  -5.0318184  238.808105  55.842752
 1979-Oct-12 00:54:57.744     10 50 13.44 +08 59 06.9  7.09801326886939  -5.7532912  239.550612  56.113914
 1979-Oct-14 15:09:15.609     10 52 06.00 +08 48 33.1  7.08885486650228  -6.4746553  240.302542  56.380884
 1979-Oct-17 06:30:09.007     10 53 58.42 +08 37 59.6  7.07843502659085  -7.1934584  241.063869  56.643580
 1979-Oct-19 23:04:30.699     10 55 50.70 +08 27 26.9  7.06670046256985  -7.9069761  241.834548  56.901925
 1979-Oct-22 17:00:16.613     10 57 42.83 +08 16 55.1  7.05359350495069  -8.6119956  242.614515  57.155842
 1979-Oct-25 12:26:35.927     10 59 34.82 +08 06 24.5  7.03905154194744  -9.3049756  243.403682  57.405263
 1979-Oct-28 09:34:00.833     11 01 26.66 +07 55 55.4  7.02300568257017  -9.9828255  244.201942  57.650129
 1979-Oct-31 08:34:37.206     11 03 18.34 +07 45 28.2  7.00537762296063 -10.6440718  245.009156  57.890396
 1979-Nov-03 09:42:21.921     11 05 09.86 +07 35 03.3  6.98607369698531 -11.2898312  245.825131  58.126025
 1979-Nov-06 13:13:41.814     11 07 01.21 +07 24 41.4  6.96497682694997 -11.9218551  246.649567  58.356979
 1979-Nov-09 19:28:55.819     11 08 52.35 +07 14 23.1  6.94194095505381 -12.5375828  247.482023  58.583217
 1979-Nov-13 04:54:04.510     11 10 43.25 +07 04 09.3  6.91678841847097 -13.1296771  248.321936  58.804710
 1979-Nov-16 18:02:45.816     11 12 33.86 +06 54 01.1  6.88930390672332 -13.6882797  249.168599  59.021450
 1979-Nov-20 11:39:03.823     11 14 24.12 +06 43 59.7  6.85922243641536 -14.2002905  250.021071  59.233460
 1979-Nov-24 10:42:04.885     11 16 13.94 +06 34 07.1  6.82621109657303 -14.6486339  250.878101  59.440807
 1979-Nov-28 16:33:02.646     11 18 03.22 +06 24 25.7  6.78983540984523 -15.0164700  251.737976  59.643638
 1979-Dec-03 07:07:27.866     11 19 51.77 +06 14 59.1  6.74948824875622 -15.2896886  252.598055  59.842174
 1979-Dec-08 09:21:31.464     11 21 39.21 +06 05 53.4  6.70425324992214 -15.4406690  253.453653  60.036667
 1979-Dec-14 04:15:27.355     11 23 24.81 +05 57 19.3  6.65264924955022 -15.3974812  254.295963  60.227398
 1979-Dec-21 01:34:53.492     11 25 06.91 +05 49 38.5  6.59204256840660 -15.0063093  255.106283  60.414650
 1979-Dec-30 00:55:04.899     11 26 40.78 +05 43 47.2  6.51684974752020 -13.9092870  255.832947  60.598017
 1980-Jan-13 19:54:00.027     11 27 40.09 +05 44 07.5  6.41035269548058 -10.7345087  256.208265  60.763331
 1980-Mar-24 03:13:23.407     11 14 35.40 +07 24 33.9  6.57252992918150  21.4396052  249.139715  59.739666
 1980-Apr-01 11:05:37.669     11 12 52.32 +07 35 11.6  6.68530897736818  25.4090096  248.306302  59.550929
 1980-Apr-11 09:40:47.522     11 11 15.44 +07 44 34.7  6.84384024833935  29.7370839  247.545731  59.362383
 1980-Apr-25 10:26:53.046     11 09 59.40 +07 50 40.4  7.10639820565075  34.8295649  246.984368  59.197314
 1980-Jun-10 00:38:10.299     11 15 11.67 +07 09 19.0  8.14723008390539  41.7622949  249.698456  59.669703
 1980-Jun-16 22:31:59.347     11 17 09.30 +06 55 39.0  8.31363017179192  41.5469888  250.696814  59.857054
 1980-Jun-22 23:11:07.222     11 19 04.71 +06 42 24.5  8.45753919214640  41.1026615  251.683317  60.036148
 1980-Jun-28 10:20:19.359     11 20 58.87 +06 29 25.4  8.58638340120605  40.5209692  252.666951  60.207999
 1980-Jul-03 11:59:32.483     11 22 52.24 +06 16 36.7  8.70404540405944  39.8433330  253.652020  60.373024
 1980-Jul-08 06:29:16.279     11 24 45.08 +06 03 55.7  8.81279567972728  39.0778889  254.640787  60.531398
 1980-Jul-12 19:20:14.108     11 26 37.52 +05 51 20.7  8.91406425501043  38.2274620  255.634245  60.683126
 1980-Jul-17 03:38:29.668     11 28 29.62 +05 38 51.0  9.00887777680083  37.3074941  256.632863  60.828138
 1980-Jul-21 08:15:00.989     11 30 21.43 +05 26 25.5  9.09803759426967  36.3351185  257.637013  60.966367
 1980-Jul-25 09:49:00.007     11 32 13.02 +05 14 03.7  9.18216824467328  35.3223433  258.646946  61.097747
 1980-Jul-29 08:50:44.524     11 34 04.42 +05 01 45.0  9.26175623169555  34.2769317  259.662797  61.222220
 1980-Aug-02 05:43:39.163     11 35 55.68 +04 49 29.1  9.33717227031160  33.1977198  260.684617  61.339734
 1980-Aug-06 00:45:53.996     11 37 46.82 +04 37 15.8  9.40868284710534  32.0781940  261.712257  61.450222
 1980-Aug-09 18:12:56.870     11 39 37.84 +04 25 05.0  9.47649244932403  30.9179319  262.745404  61.553603
 1980-Aug-13 10:19:07.343     11 41 28.75 +04 12 56.5  9.54078174075442  29.7227846  263.783720  61.649794
 1980-Aug-17 01:17:40.538     11 43 19.55 +04 00 50.3  9.60171665006903  28.4998698  264.826888  61.738724
 1980-Aug-20 15:20:29.897     11 45 10.26 +03 48 46.3  9.65944450910979  27.2548465  265.874594  61.820330
 1980-Aug-24 04:38:05.301     11 47 00.88 +03 36 44.4  9.71409213681682  25.9921882  266.926506  61.894562
 1980-Aug-27 17:19:36.564     11 48 51.45 +03 24 44.5  9.76576466077558  24.7131451  267.982298  61.961381
 1980-Aug-31 05:32:47.768     11 50 41.96 +03 12 46.6  9.81453568496874  23.4121205  269.041604  62.020756
 1980-Sep-03 17:24:26.527     11 52 32.42 +03 00 50.7  9.86044578343957  22.0836880  270.103936  62.072655
 1980-Sep-07 05:01:32.806     11 54 22.82 +02 48 57.0  9.90352281741769  20.7289513  271.168743  62.117047
 1980-Sep-10 16:31:39.737     11 56 13.17 +02 37 05.5  9.94379466414256  19.3524878  272.235493  62.153907
 1980-Sep-14 04:02:38.651     11 58 03.46 +02 25 16.2  9.98128931669039  17.9593883  273.303675  62.183222
 1980-Sep-17 15:42:24.438     11 59 53.70 +02 13 29.3  10.0160317099148  16.5540542  274.372797  62.204993
 1980-Sep-21 03:38:47.994     12 01 43.90 +02 01 44.7  10.0480410208992  15.1401217  275.442343  62.219249
 1980-Sep-24 15:59:30.460     12 03 34.06 +01 50 02.5  10.0773273161081  13.7184992  276.511759  62.225938
 1980-Sep-28 04:51:50.463     12 05 24.19 +01 38 22.9  10.1038804726714  12.2833213  277.580805  62.225139
 1980-Oct-01 18:23:04.102     12 07 14.28 +01 26 45.9  10.1276630968246  10.8289425  278.648762  62.216914
 1980-Oct-05 08:41:38.731     12 09 04.34 +01 15 11.9  10.1486255834645   9.3575196  279.714986  62.201299
 1980-Oct-08 23:57:41.206     12 10 54.34 +01 03 41.0  10.1667171779245   7.8746611  280.778873  62.178351
 1980-Oct-12 16:22:47.715     12 12 44.28 +00 52 13.5  10.1818851609848   6.3865667  281.839849  62.148146
 1980-Oct-16 10:10:00.837     12 14 34.17 +00 40 49.5  10.1940720485638   4.8993689  282.897365  62.110774
 1980-Oct-20 05:33:52.273     12 16 23.99 +00 29 29.4  10.2032121656769   3.4184652  283.950901  62.066346
 1980-Oct-24 02:50:24.905     12 18 13.75 +00 18 13.3  10.2092244107261   1.9449820  284.999977  62.014992
 1980-Oct-28 02:17:16.253     12 20 03.44 +00 07 01.8  10.2119950980860   0.4739799  286.044056  61.956869
 1980-Nov-01 04:15:14.162     12 21 53.04 -00 04 04.6  10.2113778829863  -0.9874058  287.082412  61.892163
 1980-Nov-05 09:11:04.680     12 23 42.51 -00 15 05.3  10.2072348185421  -2.4036423  288.114320  61.821098
 1980-Nov-09 17:38:28.887     12 25 31.85 -00 25 59.4  10.1995767759396  -3.6036561  289.139291  61.743971
 1980-Nov-14 06:15:25.400     12 27 31.87 -00 34 11.1  10.1864838286079 -12.4407122  290.232204  61.712164
 1980-Nov-18 03:52:53.488     12 29 28.63 -00 35 53.8  10.1563428418578 -14.0588271  291.253364  61.775480
 1980-Nov-22 05:53:54.366     12 31 26.29 -00 37 18.3  10.1218294631849 -15.1790257  292.284553  61.836745
 1980-Nov-26 11:39:31.665     12 33 23.87 -00 38 12.0  10.0833714991398 -16.2140218  293.316331  61.898605
 1980-Nov-30 21:37:50.997     12 35 21.22 -00 38 27.6  10.0407654038279 -17.1824388  294.347003  61.963033
 1980-Dec-05 12:33:31.499     12 37 18.17 -00 37 56.7  9.99368669779763 -18.0683052  295.375191  62.032307
 1980-Dec-10 09:26:40.062     12 39 14.53 -00 36 29.0  9.94173385816910 -18.8450559  296.399258  62.109308
 1980-Dec-15 13:36:13.577     12 41 10.01 -00 33 50.9  9.88443208445074 -19.4797157  297.416968  62.197807
 1980-Dec-21 02:44:54.547     12 43 04.16 -00 29 44.5  9.82121710157431 -19.9451745  298.424936  62.302817
 1980-Dec-27 03:07:01.834     12 44 56.18 -00 23 45.3  9.75139289808533 -20.2096048  299.417012  62.431248
 1981-Jan-02 17:48:34.551     12 46 44.15 -00 15 10.8  9.67418103629147 -20.1814801  300.377277  62.594954
 1981-Jan-10 03:10:06.126     12 48 26.36 -00 03 20.5  9.58888428711757 -19.7092096  301.292745  62.805748
 1981-Jan-18 12:09:40.465     12 49 57.63 +00 13 02.9  9.49599286197319 -18.6077768  302.118897  63.085772
 1981-Jan-27 23:25:53.909     12 51 09.57 +00 35 12.1  9.39912528648738 -16.6974025  302.781002  63.456914
 1981-Feb-07 05:28:39.136     12 51 50.91 +01 03 09.3  9.30842219094272 -13.7948105  303.172115  63.922332
 1981-Feb-17 08:29:41.756     12 51 57.02 +01 34 10.7  9.23809566923491 -10.1461377  303.237300  64.439020
 1981-Feb-26 16:35:25.136     12 51 35.85 +02 05 03.1  9.19370334917355  -6.2340800  303.036099  64.953693
 1981-Mar-07 05:56:18.190     12 50 57.46 +02 34 34.7  9.17264217829894  -2.2285585  302.654482  65.445490
 1981-Mar-15 06:16:31.604     12 50 08.77 +03 02 40.8  9.17154537161228   1.7816364  302.153929  65.912154
 1981-Mar-22 23:40:00.535     12 49 13.88 +03 29 36.7  9.18833295697360   5.7577608  301.571612  66.357170
 1981-Mar-30 15:08:36.049     12 48 15.23 +03 55 36.8  9.22255838823999   9.7518555  300.930256  66.784092
 1981-Apr-07 09:27:33.360     12 47 14.81 +04 20 52.0  9.27538253236420  13.8013739  300.249032  67.195698
 1981-Apr-15 12:26:33.489     12 46 14.71 +04 45 32.9  9.34980837175239  17.8871095  299.549363  67.594981
 1981-Apr-24 08:22:44.930     12 45 17.39 +05 09 50.7  9.45180977533183  22.0651435  298.858103  67.985668
 1981-May-04 10:52:36.210     12 44 27.36 +05 33 52.4  9.59358764224968  26.4451544  298.226161  68.371321
 1981-May-17 02:03:07.328     12 43 56.40 +05 57 34.6  9.80397354123341  31.0523027  297.791045  68.755785
 1981-Jun-04 19:51:38.324     12 44 29.39 +06 19 11.2  10.1687109298044  35.9373809  298.088326  69.126195
 1981-Jun-27 08:04:02.231     12 47 27.09 +06 24 46.0  10.6557848102861  38.4112036  300.135648  69.263739
 1981-Jul-08 01:02:54.757     12 49 44.11 +06 20 37.9  10.8934848012915  38.3230168  301.739042  69.212897
 1981-Jul-16 08:58:10.581     12 51 52.69 +06 14 52.7  11.0765571843022  37.7143062  303.236374  69.120974
 1981-Jul-23 12:53:00.595     12 53 57.57 +06 08 24.4  11.2309249050928  36.8667894  304.677471  69.005047
 1981-Jul-29 23:21:41.101     12 56 00.40 +06 01 32.7  11.3661473154703  35.8421793  306.079056  68.871503
 1981-Aug-04 21:38:43.486     12 58 01.87 +05 54 28.2  11.4869206605301  34.6715748  307.447753  68.723865
 1981-Aug-10 10:57:55.506     13 00 02.37 +05 47 17.5  11.5961628940314  33.4061208  308.787335  68.564364
 1981-Aug-15 17:28:01.671     13 02 02.21 +05 40 04.6  11.6958608846307  32.0769176  310.100589  68.394446
 1981-Aug-20 18:36:16.892     13 04 01.59 +05 32 52.2  11.7873785254819  30.6955430  311.389453  68.215139
 1981-Aug-25 15:23:36.516     13 06 00.64 +05 25 42.3  11.8716459870103  29.2548507  312.655210  68.027259
 1981-Aug-30 08:35:39.547     13 07 59.43 +05 18 36.8  11.9493149665251  27.7541526  313.898565  67.831566
 1981-Sep-03 22:50:53.915     13 09 58.02 +05 11 37.4  12.0209161166527  26.2089131  315.120146  67.628743
 1981-Sep-08 10:42:14.078     13 11 56.46 +05 04 45.3  12.0869069352854  24.6339598  316.320717  67.419361
 1981-Sep-12 20:36:44.167     13 13 54.80 +04 58 01.7  12.1476634571068  23.0381872  317.501039  67.203911
 1981-Sep-17 04:56:29.143     13 15 53.10 +04 51 27.5  12.2034838762048  21.4233499  318.661859  66.982829
 1981-Sep-21 11:59:16.588     13 17 51.39 +04 45 03.8  12.2545802875683  19.7804202  319.803842  66.756533
 1981-Sep-25 18:00:28.688     13 19 49.68 +04 38 51.6  12.3010937766033  18.1056018  320.927487  66.525485
 1981-Sep-29 23:15:29.344     13 21 47.97 +04 32 52.1  12.3431435862087  16.4070135  322.033336  66.290164
 1981-Oct-04 03:59:52.343     13 23 46.28 +04 27 06.4  12.3808453132871  14.6955312  323.122058  66.051024
 1981-Oct-08 08:28:32.130     13 25 44.62 +04 21 35.6  12.4143026875022  12.9790340  324.194405  65.808500
 1981-Oct-12 12:55:23.823     13 27 43.01 +04 16 21.0  12.4435995654581  11.2623442  325.251163  65.563010
 1981-Oct-16 17:33:17.891     13 29 41.47 +04 11 23.8  12.4687899216590   9.5420580  326.293162  65.314965
 1981-Oct-20 22:34:02.855     13 31 40.00 +04 06 45.3  12.4898788198951   7.8089735  327.321159  65.064826
 1981-Oct-25 04:10:17.586     13 33 38.58 +04 02 27.2  12.5068391149467   6.0659796  328.335866  64.813142
 1981-Oct-29 10:36:57.769     13 35 37.21 +03 58 31.4  12.5196410171458   4.3241746  329.338123  64.560504
 1981-Nov-02 18:10:47.514     13 37 35.86 +03 55 00.0  12.5282543035051   2.5946498  330.328903  64.307528