 Date__(UT)__HR:MN:SC.fff     R.A._____(ICRF)_____DEC             delta      deldot  1-way_down_LT      GlxLon     GlxLat  Sky_motion  Sky_mot_PA  RelVel-ANG
 1977-Sep-05 13:59:24.383     23 42 05.61 -04 26 26.6  0.00005202380352   6.4181439     0.00043267   83.804665 -61.923797   20516.418   61.842520   26.452879
 1977-Nov-05 13:59:24.383     03 41 41.85 +23 06 08.2  0.37579167844718  13.9136520     3.12536409  166.327863 -25.083171   0.7009036   250.95535   77.110634
 1978-Jan-05 13:59:24.383     03 31 15.58 +20 49 26.3  1.18079560915476  31.5123935     9.82037763  165.960605 -28.391997   0.4151310   82.355062   79.351129
 1978-Mar-05 13:59:24.383     04 35 51.41 +23 03 48.4  2.42070246692737  39.0229130    20.13236852  175.592471 -16.142506   0.7747587   82.970551   59.845557
 1978-May-05 13:59:24.383     06 01 44.39 +24 10 53.1  3.72653380693394  32.9807281    30.99263661  185.923250   0.690028   0.8104563   90.529563   42.092273
 1978-Jul-05 13:59:24.383     07 24 08.92 +22 40 38.7  4.61994059675198  16.4536535    38.42287431  195.696541  17.009475   0.7279078   98.241310   22.031494
 1978-Sep-05 13:59:24.383     08 31 03.69 +19 34 25.0  4.83420781883759  -4.4080164    40.20488046  205.118072  30.387697   0.5287414   103.82697   -8.123797
 1978-Nov-05 13:59:24.383     09 05 14.78 +17 24 47.4  4.41186509446405 -16.6578528    36.69236313  211.025436  37.197959   0.1109595   104.43557   -70.44314
 1979-Jan-05 13:59:24.383     08 47 54.01 +18 41 03.0  3.99933301606697  -0.9299503    33.26143845  207.762148  33.804337   0.4220604   285.37944   -2.614838
 1979-Mar-05 13:59:24.383     08 09 06.14 +20 50 21.4  4.54118645082437  42.3967784    37.76789605  201.708219  26.025477   0.1550766   95.726508   78.646970
 1979-May-05 13:59:24.383     08 33 34.93 +19 44 33.0  5.56676764883882  31.8219604    46.29739479  205.178668  31.005695   0.4069547   103.20263   49.286332
 1979-Jul-05 13:59:24.383     09 24 03.57 +16 25 01.9  6.57630755373239  23.2733914    54.69348215  214.346834  41.013959   0.5781976   107.27586   26.851801
 1979-Sep-05 13:59:24.383     10 20 48.78 +11 41 59.4  7.10452302681640   5.3687622    59.08651629  229.056203  51.479351   0.5670655   110.14583   6.2856498
 1979-Nov-05 13:59:24.383     11 06 27.37 +07 27 50.2  6.97159023884053 -11.7311456    57.98094800  246.397985  58.287243   0.3876857   110.54195   -19.75435
 1980-Jan-05 13:59:24.383     11 27 21.49 +05 42 26.2  6.46642321634769 -12.7192564    53.77960199  256.124698  60.691512   0.0461373   91.097627   -74.17007
 1980-Mar-05 13:59:24.383     11 19 08.22 +06 54 31.0  6.39377094795183  11.8381690    53.17537150  251.433875  60.192775   0.1748310   294.79161   41.218780
 1980-May-05 13:59:24.383     11 09 54.33 +07 49 28.4  7.31913732689819  37.6562046    60.87140899  246.984761  59.168051   0.0223630   131.06591   86.992364
 1980-Jul-05 13:59:24.383     11 23 40.81 +06 11 08.7  8.75179271627541  39.5251277    72.78644054  254.076560  60.441921   0.2680652   114.32187   54.340303
 1980-Sep-05 13:59:24.383     11 53 31.26 +02 54 30.1  9.88375247154738  21.3647642    82.20066276  270.671100  62.097248   0.3591084   113.33407   26.467443
 1980-Nov-05 13:59:24.383     12 23 47.63 -00 15 36.0  10.2069531808939  -2.4674288    84.88864109  288.162449  61.817621   0.2867044   111.83669   -3.994570
 1981-Jan-05 13:59:24.383     12 47 25.83 -00 10 55.4  9.64116222748610 -20.0570596    80.18310122  300.749717  62.672118   0.1611244   66.179442   -46.88703
 1981-Mar-05 13:59:24.383     12 51 06.16 +02 28 46.5  9.17517349710744  -3.0358975    76.30759113  302.742169  65.348902   0.1542890   340.05456   -10.06404
 1981-May-05 13:59:24.383     12 44 23.05 +05 36 17.3  9.61099083319228  26.9007174    79.93217339  298.169471  68.410170   0.0959894   336.49703   67.483126
 1981-Jul-05 13:59:24.383     12 49 09.73 +06 21 55.5  10.8389491589622  38.4177961    90.14479137  301.337059  69.231273   0.1425379   98.186541   64.075131
 1981-Sep-05 13:59:24.383     13 10 40.74 +05 09 07.8  12.0453366431350  25.6438823   100.17801013  315.555432  67.553973   0.2800960   103.17364   32.158089
 1981-Nov-05 13:59:24.383     13 38 52.72 +03 52 57.1  12.5315802866920   1.4853199   104.22197520  330.964949  64.143817   0.2828230   95.850917   1.9804038
 1982-Jan-05 13:59:24.383     14 01 18.82 +04 11 18.4  12.2456449944883 -14.5088161   101.84392389  341.997912  61.639791   0.1665426   69.742126   -30.47990
 1982-Mar-05 13:59:24.383     14 07 15.74 +06 23 13.7  11.8323350596528  -5.1746677    98.40652998  347.341999  62.522216   0.1182978   346.75562   -17.00851
 1982-May-05 13:59:24.383     13 59 56.73 +08 47 15.7  12.1344350271996  23.1245204   100.91901880  347.582526  65.528630   0.1054712   306.88939   56.215730
 1982-Jul-05 13:59:24.383     13 56 53.57 +09 07 40.5  13.3244439568345  40.5770869   110.81602127  346.666531  66.271212   0.0505321   127.59343   78.658204
 1982-Sep-05 13:59:24.383     14 08 24.89 +07 46 24.9  14.7143930680228  33.0636668   122.37587554  349.776531  63.411565   0.1906732   110.09536   44.270391
 1982-Nov-05 13:59:24.383     14 29 03.51 +06 29 46.8  15.4856857488272   9.4780553   128.79052116  355.702792  58.969740   0.2228923   97.638948   12.793174
 1983-Jan-05 13:59:24.383     14 47 43.96 +06 40 08.3  15.4266857879215 -10.1716047   128.29983345    1.712151  55.644330   0.1466603   71.906746   -20.40402
 1983-Mar-05 13:59:24.383     14 53 53.24 +08 25 30.4  15.0691282271005  -6.2645020   125.32611789    5.827999  55.533634   0.0926660   352.83198   -20.36429
 1983-May-05 13:59:24.383     14 47 34.15 +10 20 35.7  15.2692319566959  19.3789544   126.99032986    6.978268  57.922394   0.1024401   299.50633   45.702720
 1983-Jul-05 13:59:24.383     14 41 42.93 +10 33 19.2  16.3712089021967  40.0437129   136.15519266    5.687218  59.215540   0.0313136   196.00260   81.203264
 1983-Sep-05 13:59:24.383     14 47 28.50 +09 16 26.1  17.8252041153015  36.8986686   148.24770211    5.340143  57.317705   0.1334207   117.55148   52.076285
 1983-Nov-05 13:59:24.383     15 02 43.96 +08 03 26.1  18.7648739574712  14.5972681   156.06269788    7.545206  53.560092   0.1766089   99.630538   20.016116
 1984-Jan-05 13:59:24.383     15 18 08.12 +08 07 16.8  18.8591452853504  -7.0868052   156.84672861   11.141668  50.451931   0.1254838   73.368746   -13.91758
 1984-Mar-05 13:59:24.383     15 23 52.67 +09 34 37.2  18.5422745636738  -6.5946503   154.21139517   14.253200  50.025832   0.0757482   355.75644   -21.23015
 1984-May-05 13:59:24.383     15 18 29.87 +11 09 07.9  18.6844692721264  16.9328024   155.39399250   15.336658  51.965464   0.0923827   296.60238   39.057270
 1984-Jul-05 13:59:24.383     15 12 02.03 +11 18 02.4  19.7148901100703  38.9946627   163.96374130   14.225492  53.410787   0.0392935   225.83910   76.496667
 1984-Sep-05 13:59:24.383     15 14 49.28 +10 08 29.8  21.1841129495756  38.6958517   176.18289505   13.169816  52.229924   0.0994830   124.24469   56.640840
 1984-Nov-05 13:59:24.383     15 26 32.83 +09 01 40.0  22.2155976548890  17.6005999   184.76149176   14.058614  49.186475   0.1432708   101.10275   24.577960
 1985-Jan-05 13:59:24.383     15 39 22.71 +09 02 43.6  22.4036478099191  -5.0631088   186.32545721   16.497786  46.471957   0.1068453   73.801691   -9.929111
 1985-Mar-05 13:59:24.383     15 44 26.88 +10 14 42.5  22.1239275215621  -6.9451169   183.99909451   18.896805  45.967577   0.0635990   359.16593   -22.21462
 1985-May-05 13:59:24.383     15 39 56.20 +11 35 13.2  22.2139526261200  14.6922635   184.74781047   19.863201  47.575070   0.0823429   295.88080   33.599736
 1985-Jul-05 13:59:24.383     15 33 30.51 +11 43 40.3  23.1740839275889  37.6879723   192.73297901   18.944773  49.034609   0.0441510   237.97724   71.831703
 1985-Sep-05 13:59:24.383     15 34 30.75 +10 42 10.1  24.6410972924865  39.8683573   204.93375713   17.758155  48.333451   0.0770209   130.85104   60.081948
 1985-Nov-05 13:59:24.383     15 43 45.76 +09 40 56.7  25.7414274358535  20.0348460   214.08492389   18.072978  45.851276   0.1193413   102.66990   28.343686
 1986-Jan-05 13:59:24.383     15 54 42.82 +09 39 18.6  26.0068901102283  -3.3978657   216.29270963   19.866227  43.470884   0.0932407   74.692748   -6.616484
 1986-Mar-05 13:59:24.383     15 59 19.45 +10 40 37.2  25.7530721643757  -7.1927957   214.18177014   21.834060  42.939741   0.0548369   1.8351987   -22.85091
 1986-May-05 13:59:24.383     15 55 29.19 +11 50 41.9  25.8043407529617  12.9661203   214.60815799   22.688991  44.304260   0.0735441   295.70148   29.471975
 1986-Jul-05 13:59:24.383     15 49 21.67 +11 59 00.5  26.7069318194657  36.5195481   222.11477899   21.917501  45.708429   0.0455788   243.83773   68.054302
 1986-Sep-05 13:59:24.383     15 49 19.84 +11 04 31.0  28.1643098727499  40.5562403   234.23542267   20.758316  45.306128   0.0622445   136.85135   62.411975
 1986-Nov-05 13:59:24.383     15 56 50.08 +10 08 29.5  29.3123720014462  21.8026248   243.78356424   20.797889  43.242468   0.1016274   104.00270   31.189833
 1987-Jan-05 13:59:24.383     16 06 20.53 +10 05 11.6  29.6365680643128  -2.1064461   246.47982068   22.193291  41.141187   0.0823661   75.363131   -4.087733
 1987-Mar-05 13:59:24.383     16 10 32.86 +10 58 24.6  29.4036414319337  -7.3339857   244.54262895   23.858983  40.615402   0.0481835   3.8852006   -23.18536
 1987-May-05 13:59:24.383     16 07 14.01 +12 00 25.3  29.4253187532211  11.6252029   244.72291373   24.620997  41.796248   0.0659874   295.71854   26.344855
 1987-Jul-05 13:59:24.383     16 01 29.30 +12 08 37.1  30.2806506189805  35.4749178   251.83649194   23.960146  43.121938   0.0450563   247.29216   65.066097
 1987-Sep-05 13:59:24.383     16 00 50.42 +11 20 01.9  31.7257145374987  40.9510220   263.85472208   22.870199  42.910882   0.0519379   142.24725   64.061818
 1987-Nov-05 13:59:24.383     16 07 04.24 +10 28 37.6  32.9084793037372  23.1769454   273.69147669   22.766523  41.162590   0.0880567   105.18053   33.487245
 1988-Jan-05 13:59:24.383     16 15 26.88 +10 24 16.5  33.2790255533392  -1.0396608   276.77321588   23.896620  39.289886   0.0736511   75.975039   -2.014327
 1988-Mar-05 13:59:24.383     16 19 18.71 +11 12 12.1  33.0591993227932  -7.3092550   274.94497686   25.360490  38.787509   0.0429385   4.0194979   -23.07548
 1988-May-05 13:59:24.383     16 16 19.13 +12 07 23.7  33.0678722250442  10.9298782   275.01710719   26.026487  39.842779   0.0597547   295.20915   24.584398
 1988-Jul-05 13:59:24.383     16 10 58.73 +12 14 28.7  33.8975591110393  34.8515519   281.91740261   25.434117  41.074399   0.0432125   248.58748   63.066343
 1988-Sep-05 13:59:24.383     16 10 03.61 +11 30 17.6  35.3336456878538  41.1202541   293.86097048   24.424847  40.962215   0.0451809   145.99812   64.859460
 1988-Nov-05 13:59:24.383     16 15 24.92 +10 43 18.0  36.5328810835333  23.8663272   303.83470713   24.262037  39.440911   0.0777857   105.78306   34.787394
 1989-Jan-05 13:59:24.383     16 22 52.41 +10 39 10.8  36.9268387533417  -0.5001492   307.11115316   25.219102  37.765921   0.0660572   75.836642   -0.976465
 1989-Mar-05 13:59:24.383     16 26 20.18 +11 21 34.7  36.7217545788215  -7.4101438   305.40552009   26.489170  37.304290   0.0387701   5.5268227   -23.29857
 1989-May-05 13:59:24.383     16 23 41.05 +12 11 37.2  36.7108886173045  10.0153241   305.31515065   27.095601  38.244197   0.0544926   295.38843   22.493455
 1989-Jul-05 13:59:24.383     16 18 41.87 +12 18 38.5  37.5073284906877  34.0858496   311.93893910   26.571698  39.398989   0.0415584   250.36293   61.066151
 1989-Sep-05 13:59:24.383     16 17 32.24 +11 38 36.8  38.9315901603304  41.2943188   323.78416221   25.633811  39.374699   0.0395710   150.17994   65.725995
 1989-Nov-05 13:59:24.383     16 22 09.05 +10 55 05.5  40.1517341836228  24.7408954   333.93179062   25.425208  38.044008   0.0693626   106.66321   36.309116
 1990-Jan-05 13:59:24.383     16 28 52.73 +10 50 29.0  40.5767355349659   0.2192440   337.46641907   26.242969  36.523047   0.0602117   76.270619   0.4205622
 1990-Mar-05 13:59:24.383     16 32 05.75 +11 28 43.7  40.3837503872613  -7.4583228   335.86141054   27.379648  36.081193   0.0353079   6.8100314   -23.40204
 1990-May-05 13:59:24.383     16 29 43.39 +12 14 30.0  40.3566715469949   9.2523524   335.63620269   27.936530  36.926833   0.0499345   295.59956   20.793453
 1990-Jul-05 13:59:24.383     16 25 03.73 +12 21 25.8  41.1245150606564  33.3844035   342.02216247   27.468071  38.010014   0.0397199   251.75763   59.396789
 1990-Sep-05 13:59:24.383     16 23 45.15 +11 44 55.4  42.5373533242234  41.3932634   353.77238001   26.595623  38.046800   0.0351846   153.98005   66.391200
 1990-Nov-05 13:59:24.383     16 27 46.79 +11 04 26.1  43.7742487163047  25.4936521   364.05932530   26.361102  36.868952   0.0624705   107.48979   37.637373
 1991-Jan-05 13:59:24.383     16 33 54.19 +10 59 30.5  44.2256141751332   0.8539179   367.81321736   27.072012  35.477199   0.0553552   76.707524   1.6480076
 1991-Mar-05 13:59:24.383     16 36 54.49 +11 34 18.4  44.0431589824178  -7.5063699   366.29578379   28.100855  35.054619   0.0324443   8.0825578   -23.49117
 1991-May-05 13:59:24.383     16 34 46.14 +12 16 29.8  44.0021660223747   8.5677609   365.95485574   28.616306  35.821844   0.0460665   295.86970   19.268416
 1991-Jul-05 13:59:24.383     16 30 24.11 +12 23 19.3  44.7449147863562  32.7621356   372.13210885   28.193676  36.839833   0.0379554   252.91577   57.927212
 1991-Sep-05 13:59:24.383     16 29 00.06 +11 49 49.2  46.1469893340670  41.4796226   383.79280729   27.379805  36.920022   0.0317534   157.41210   66.876086
 1991-Nov-05 13:59:24.383     16 32 33.40 +11 11 59.4  47.3976967375547  26.1272842   394.19462358   27.131097  35.866698   0.0568321   108.21673   38.740432
 1992-Jan-05 13:59:24.383     16 38 10.37 +11 06 52.0  47.8716837488714   1.3766732   398.13665335   27.757947  34.584484   0.0512311   77.056578   2.6538501
 1992-Mar-05 13:59:24.383     16 40 59.98 +11 39 28.9  47.6941037563803  -7.4914473   396.65976559   28.711768  34.183687   0.0299888   7.4083183   -23.42993
 1992-May-05 13:59:24.383     16 38 59.20 +12 18 21.1  47.6501592676482   8.3897360   396.29429042   29.178417  34.898706   0.0429142   295.37683   18.743295
 1992-Jul-05 13:59:24.383     16 34 53.42 +12 24 21.9  48.3847592523382  32.5485644   402.40377219   28.781949  35.851406   0.0358752   252.89923   57.190988
 1992-Sep-05 13:59:24.383     16 33 30.65 +11 53 02.8  49.7819070446781  41.4457450   414.02349606   28.021996  35.943554   0.0292848   158.94220   66.964845
 1992-Nov-05 13:59:24.383     16 36 44.63 +11 17 49.5  51.0353600189730  26.2626034   424.44814657   27.779441  34.981041   0.0522507   108.35753   39.168188
 1993-Jan-05 13:59:24.383     16 41 55.35 +11 13 14.3  51.5148429646496   1.5198293   428.43588463   28.349582  33.798654   0.0472836   76.746736   2.9499533
 1993-Mar-05 13:59:24.383     16 44 30.69 +11 43 04.3  51.3445974542181  -7.5125963   427.01999590   29.213550  33.429546   0.0278860   8.4022558   -23.46689
 1993-May-05 13:59:24.383     16 42 40.24 +12 19 20.1  51.2898258756210   7.8691861   426.56447457   29.650952  34.087431   0.0399675   295.63992   17.613547
 1993-Jul-05 13:59:24.383     16 38 48.60 +12 25 16.8  52.0045415049238  32.0319803   432.50858320   29.287949  34.987610   0.0342562   253.75865   56.086606
 1993-Sep-05 13:59:24.383     16 37 23.88 +11 56 14.1  53.3923399273542  41.4683119   444.05055073   28.574267  35.103843   0.0269031   161.72913   67.279922
 1993-Nov-05 13:59:24.383     16 40 18.34 +11 23 04.5  54.6557488177546  26.7567050   454.55800207   28.328198  34.228732   0.0481702   108.97846   40.052422
 1994-Jan-05 13:59:24.383     16 45 06.85 +11 18 23.0  55.1527600100279   1.9487020   458.69151811   28.841918  33.127140   0.0442466   77.079367   3.7745804
 1994-Mar-05 13:59:24.383     16 47 33.86 +11 46 03.9  54.9897153927247  -7.5568142   457.33551738   29.642619  32.772632   0.0261016   9.3847663   -23.53834
 1994-May-05 13:59:24.383     16 45 52.30 +12 20 03.9  54.9251881125722   7.3830641   456.79886035   30.054693  33.381304   0.0374400   295.90069   16.537378
 1994-Jul-05 13:59:24.383     16 42 13.36 +12 25 56.2  55.6219306224746  31.5823284   462.59349111   29.720423  34.234130   0.0327846   254.48729   55.085497
 1994-Sep-05 13:59:24.383     16 40 47.76 +11 58 52.8  57.0009704805649  41.4922398   474.06261589   29.048034  34.368193   0.0249321   164.20662   67.508949
 1994-Nov-05 13:59:24.383     16 43 25.76 +11 27 33.6  58.2729282102247  27.1724340   484.64116575   28.801441  33.567446   0.0446845   109.51565   40.800524
 1995-Jan-05 13:59:24.383     16 47 54.96 +11 22 48.6  58.7855304067772   2.3093383   488.90434822   29.268035  32.536516   0.0415527   77.343063   4.4670570
 1995-Mar-05 13:59:24.383     16 50 14.52 +11 48 37.3  58.6289735372781  -7.5897542   487.60230444   30.014223  32.195676   0.0245304   10.163844   -23.58772
 1995-May-05 13:59:24.383     16 48 40.66 +12 20 37.9  58.5557932165351   6.9760859   486.99368227   30.403948  32.761605   0.0351905   296.11615   15.641088
 1995-Jul-05 13:59:24.383     16 45 13.21 +12 26 25.2  59.2362868596684  31.1718292   492.65317533   30.094595  33.571424   0.0313618   255.09693   54.229198
 1995-Sep-05 13:59:24.383     16 43 47.48 +12 01 07.2  60.6069576033701  41.4683837   504.05269630   29.459337  33.718670   0.0232217   166.46357   67.693626
 1995-Nov-05 13:59:24.383     16 46 11.41 +11 31 27.2  61.8862785603568  27.5435214   514.69248426   29.214108  32.982042   0.0415951   110.03987   41.511781
 1996-Jan-05 13:59:24.383     16 50 23.62 +11 26 40.3  62.4131037691607   2.6728874   519.07395591   29.640580  32.013497   0.0391560   77.626811   5.1650575
 1996-Mar-05 13:59:24.383     16 52 36.91 +11 51 22.9  62.2582695963168  -7.5557810   517.78623937   30.349767  31.687489   0.0230777   9.2962731   -23.51418
 1996-May-05 13:59:24.383     16 51 06.51 +12 21 26.0  62.1855349370748   6.9650810   517.18132365   30.709758  32.226758   0.0333152   295.67260   15.537864
 1996-Jul-05 13:59:24.383     16 47 49.54 +12 26 36.6  62.8649338112523  31.1027632   522.83171179   30.412864  32.993664   0.0298303   254.88900   53.913237
 1996-Sep-05 13:59:24.383     16 46 27.42 +12 02 32.4  64.2338079484017  41.4351077   534.21629084   29.811493  33.136420   0.0219441   167.05005   67.646698
 1996-Nov-05 13:59:24.383     16 48 42.35 +11 34 32.6  65.5118303440589  27.5226815   544.84527899   29.578544  32.445107   0.0391167   109.99003   41.618231
 1997-Jan-05 13:59:24.383     16 52 39.50 +11 30 16.0  66.0372790394925   2.6364292   549.21530254   29.979618  31.535621   0.0368116   77.250319   5.1218537
 1997-Mar-05 13:59:24.383     16 54 43.23 +11 53 17.9  65.8864530472951  -7.5979000   547.96092101   30.635944  31.232876   0.0218572   10.065345   -23.58253
 1997-May-05 13:59:24.383     16 53 18.96 +12 21 47.6  65.8063511952156   6.6009784   547.29473422   30.978987  31.738434   0.0315498   295.89896   14.731456
 1997-Jul-05 13:59:24.383     16 50 11.33 +12 26 55.0  66.4720039108920  30.7648160   552.83079905   30.701816  32.470360   0.0286617   255.41066   53.180586
 1997-Sep-05 13:59:24.383     16 48 49.70 +12 04 14.9  67.8337794486816  41.4316464   564.15634084   30.130282  32.621332   0.0206552   168.94074   67.765714
 1997-Nov-05 13:59:24.383     16 50 53.94 +11 37 34.8  69.1178861461762  27.8234094   574.83593059   29.899988  31.979161   0.0367427   110.42820   42.184869
 1998-Jan-05 13:59:24.383     16 54 37.74 +11 33 16.9  69.6552951556175   2.9225536   579.30542504   30.270723  31.118836   0.0349061   77.476028   5.6737201
 1998-Mar-05 13:59:24.383     16 56 36.17 +11 54 59.7  69.5096815378404  -7.6066638   578.09439351   30.890039  30.826231   0.0207438   10.701572   -23.58048
 1998-May-05 13:59:24.383     16 55 17.33 +12 22 05.4  69.4230100605832   6.2929641   577.37356881   31.217754  31.301772   0.0299227   296.10925   14.064317
 1998-Jul-05 13:59:24.383     16 52 18.25 +12 27 09.2  70.0760635135087  30.4320366   582.80484876   30.958078  32.001603   0.0275373   255.88179   52.528179
 1998-Sep-05 13:59:24.383     16 50 57.38 +12 05 44.6  71.4310841426711  41.4005518   594.07421170   30.413662  32.158677   0.0194997   170.76455   67.868695
 1998-Nov-05 13:59:24.383     16 52 52.24 +11 40 16.9  72.7207119635466  28.1214547   604.79971923   30.186531  31.559937   0.0345959   110.88090   42.757006
 1999-Jan-05 13:59:24.383     16 56 24.07 +11 35 58.2  73.2693904751099   3.2224877   609.36293926   30.530585  30.743796   0.0332060   77.740463   6.2480383
 1999-Mar-05 13:59:24.383     16 58 17.68 +11 56 29.8  73.1288468585264  -7.6094328   608.19407365   31.116793  30.460514   0.0197424   11.443051   -23.56127
 1999-May-05 13:59:24.383     16 57 03.74 +12 22 19.4  73.0361787681200   5.9777269   607.42337664   31.430680  30.908972   0.0284508   296.35662   13.381716
 1999-Jul-05 13:59:24.383     16 54 12.48 +12 27 19.5  73.6774677554483  30.1140110   612.75681452   31.186688  31.579358   0.0265292   256.35736   51.880957
 1999-Sep-05 13:59:24.383     16 52 52.52 +12 07 02.9  75.0262196773843  41.4060822   623.97404220   30.666886  31.741055   0.0184978   172.51022   67.944131
 1999-Nov-05 13:59:24.383     16 54 39.11 +11 42 40.9  76.3211068046980  28.4076679   634.74329005   30.443173  31.180779   0.0327229   111.30716   43.256125
 2000-Jan-05 13:59:24.383     16 58 00.20 +11 38 21.9  76.8803326620275   3.4730274   639.39422969   30.763703  30.404366   0.0316852   77.973310   6.7216911
 2000-Mar-05 13:59:24.383     16 59 49.76 +11 58 15.6  76.7402129529384  -7.6083199   638.22888960   31.328658  30.131375   0.0187957   10.367331   -23.57791
 2000-May-05 13:59:24.383     16 58 37.47 +12 22 46.6  76.6499424853957   6.0806914   637.47813302   31.621881  30.564594   0.0272787   295.83069   13.522491
 2000-Jul-05 13:59:24.383     16 55 53.39 +12 27 16.7  77.2943786123594  30.1969188   642.83774485   31.384163  31.205027   0.0253904   255.96004   51.844799
 2000-Sep-05 13:59:24.383     16 54 37.14 +12 07 44.9  78.6438628820433  41.3716971   654.06106329   30.887075  31.358241   0.0177139   172.34696   67.851842
 2000-Nov-05 13:59:24.383     16 56 19.03 +11 44 32.0  79.9360885574202  28.2739490   664.80817652   30.674904  30.823470   0.0311802   111.10711   43.178805
 2001-Jan-05 13:59:24.383     16 59 30.44 +11 40 38.6  80.4908943229929   3.3646737   669.42235537   30.982051  30.085795   0.0300718   77.547599   6.5549658
 2001-Mar-05 13:59:24.383     17 01 13.09 +11 59 23.1  80.3534814986432  -7.5947608   668.27952776   31.511364  29.830324   0.0179587   10.981978   -23.53088
 2001-May-05 13:59:24.383     17 00 04.94 +12 22 51.2  80.2581711943534   5.8302081   667.48685613   31.793463  30.240839   0.0260285   296.04087   12.995992
 2001-Jul-05 13:59:24.383     16 57 27.52 +12 27 18.4  80.8924336334505  29.9152996   672.76185599   31.568848  30.856233   0.0244914   256.35297   51.319712
 2001-Sep-05 13:59:24.383     16 56 12.31 +12 08 43.3  82.2364571436648  41.3551706   683.93975867   31.092404  31.012196   0.0168816   173.86195   67.912878
 2001-Nov-05 13:59:24.383     16 57 47.57 +11 46 25.1  83.5333216550495  28.5335753   694.72545193   30.883647  30.508520   0.0296233   111.50755   43.646382
 2002-Jan-05 13:59:24.383     17 00 50.16 +11 42 30.9  84.0976119100433   3.6153723   699.41851087   31.171766  29.803409   0.0288222   77.808497   7.0292825
 2002-Mar-05 13:59:24.383     17 02 29.26 +12 00 21.3  83.9645762561996  -7.6041938   698.31208708   31.676750  29.554702   0.0172092   11.692058   -23.52899
 2002-May-05 13:59:24.383     17 01 24.91 +12 22 51.9  83.8644145009854   5.5674613   697.47906716   31.948763  29.944437   0.0249081   296.27715   12.429260
 2002-Jul-05 13:59:24.383     16 58 53.66 +12 27 16.4  84.4890211020216  29.6642581   702.67376186   31.736134  30.536624   0.0236798   256.73117   50.809112
 2002-Sep-05 13:59:24.383     16 57 39.56 +12 09 33.0  85.8278632625217  41.3615260   713.80857257   31.278733  30.694492   0.0161519   175.23304   67.944788
 2002-Nov-05 13:59:24.383     16 59 08.88 +11 48 05.3  87.1290480679630  28.7618049   724.63019662   31.073499  30.218786   0.0282423   111.86241   44.034610
 2003-Jan-05 13:59:24.383     17 02 03.45 +11 44 11.0  87.7021943385131   3.8212657   729.39690880   31.344596  29.543386   0.0276720   78.010527   7.4163737
 2003-Mar-05 13:59:24.383     17 03 39.28 +12 01 12.0  87.5732387749137  -7.6166572   728.32441808   31.827457  29.301016   0.0165273   12.253317   -23.52879
 2003-May-05 13:59:24.383     17 02 38.39 +12 22 49.7  87.4685476277285   5.3489132   727.45372836   32.090186  29.671767   0.0238775   296.46339   11.957562
 2003-Jul-05 13:59:24.383     17 00 12.88 +12 27 11.3  88.0840503708193  29.4343246   732.57270858   31.888520  30.242293   0.0228889   257.03265   50.374022
 2003-Sep-05 13:59:24.383     16 58 59.96 +12 10 15.7  89.4177568493468  41.3294201   743.66480713   31.448848  30.401307   0.0154698   176.46560   67.972624
 2003-Nov-05 13:59:24.383     17 00 23.92 +11 49 35.0  90.7228285162251  28.9670165   754.51875721   31.247242  29.951013   0.0269442   112.20001   44.428281
 2004-Jan-05 13:59:24.383     17 03 11.13 +11 45 40.7  91.3044445148870   4.0480732   759.35590997   31.502920  29.302959   0.0265939   78.231776   7.8475434
 2004-Mar-05 13:59:24.383     17 04 44.25 +12 02 18.5  91.1751105328084  -7.5898246   758.28027204   31.972622  29.067731   0.0158341   11.189525   -23.50810
 2004-May-05 13:59:24.383     17 03 44.24 +12 22 59.9  91.0735232874202   5.4902523   757.43539669   32.220180  29.428762   0.0230191   295.97246   12.219386
 2004-Jul-05 13:59:24.383     17 01 24.00 +12 26 57.3  91.6939828282905  29.5307295   762.59560134   32.022145  29.977043   0.0220023   256.64747   50.447470
 2004-Sep-05 13:59:24.383     17 00 14.43 +12 10 31.6  93.0295188347992  41.3107607   773.70291561   31.598955  30.127102   0.0149177   176.06840   67.898656
 2004-Nov-05 13:59:24.383     17 01 35.79 +11 50 41.8  94.3311647445993  28.8197724   784.52837454   31.407475  29.692356   0.0259230   111.94868   44.271816
 2005-Jan-05 13:59:24.383     17 04 16.34 +11 47 09.6  94.9064069760065   3.8866576   789.31251830   31.655678  29.071469   0.0254726   77.820797   7.5708669
 2005-Mar-05 13:59:24.383     17 05 44.22 +12 02 57.2  94.7784814349008  -7.6110469   788.24859401   32.099610  28.849902   0.0152612   11.837033   -23.52664
 2005-May-05 13:59:24.383     17 04 47.24 +12 22 54.2  94.6725073891873   5.2609180   787.36723475   32.339670  29.194524   0.0221450   296.19994   11.722699
 2005-Jul-05 13:59:24.383     17 02 31.94 +12 26 50.1  95.2843900512118  29.3167803   792.45610767   32.151255  29.724262   0.0213384   256.96197   50.023653
 2005-Sep-05 13:59:24.383     17 01 23.45 +12 11 05.7  96.6151416443036  41.3013791   803.52363119   31.743302  29.875110   0.0143505   177.18511   67.912904
 2005-Nov-05 13:59:24.383     17 02 40.30 +11 51 56.2  97.9202480024932  29.0027496   814.37786979   31.555114  29.461789   0.0248493   112.24178   44.595240
 2006-Jan-05 13:59:24.383     17 05 14.61 +11 48 24.0  98.5030580125769   4.0658156   819.22495285   31.790405  28.864054   0.0245649   77.995311   7.9086152
 2006-Mar-05 13:59:24.383     17 06 39.96 +12 03 32.7  98.3786020861587  -7.6164969   818.18988447   32.217260  28.647345   0.0147212   12.348724   -23.51537
 2006-May-05 13:59:24.383     17 05 45.76 +12 22 48.5  98.2684726097810   5.0676411   817.27396554   32.450326  28.976858   0.0213144   296.38719   11.313617
 2006-Jul-05 13:59:24.383     17 03 35.10 +12 26 42.8  98.8721412581096  29.0994890   822.29452460   32.270793  29.489226   0.0206838   257.24870   49.649607
 2006-Sep-05 13:59:24.383     17 02 27.69 +12 11 36.9  100.198091655401  41.2605519   833.32211779   31.877128  29.640497   0.0138059   178.28571   67.938670
 2006-Nov-05 13:59:24.383     17 03 40.40 +11 53 05.3  101.506314946513  29.1842668   844.20227913   31.692210  29.246971   0.0238250   112.55574   44.949439
 2007-Jan-05 13:59:24.383     17 06 08.91 +11 49 33.3  102.096418991502   4.2680914   849.11002482   31.915619  28.670795   0.0237211   78.217650   8.2897859
 2007-Mar-05 13:59:24.383     17 07 31.89 +12 04 05.9  101.975339490208  -7.6123574   848.10303732   32.326664  28.458648   0.0142165   12.973073   -23.48256
 2007-May-05 13:59:24.383     17 06 40.29 +12 22 43.5  101.861169611796   4.8550977   847.15351539   32.553278  28.774097   0.0205347   296.63551   10.864826
 2007-Jul-05 13:59:24.383     17 04 33.95 +12 26 36.5  102.456756915835  28.8701358   852.10686396   32.382058  29.270250   0.0200894   257.58722   49.243030
 2007-Sep-05 13:59:24.383     17 03 27.56 +12 12 06.5  103.777996048764  41.2471933   863.09527475   32.001696  29.421833   0.0133198   179.43591   67.946906
 2007-Nov-05 13:59:24.383     17 04 36.46 +11 54 10.1  105.089271922612  29.3744963   874.00082365   31.819890  29.046580   0.0229063   112.87182   45.268384
 2008-Jan-05 13:59:24.383     17 06 59.60 +11 50 38.5  105.686361117292   4.4391105   878.96666306   32.032390  28.490422   0.0229561   78.409708   8.6021730
 2008-Mar-05 13:59:24.383     17 08 20.65 +12 04 56.9  105.564074293373  -7.6324837   877.94963456   32.434930  28.283666   0.0137193   11.829038   -23.55908
 2008-May-05 13:59:24.383     17 07 29.39 +12 22 52.5  105.453205440329   5.0188471   877.02756643   32.649788  28.593039   0.0199501   296.10866   11.159201
 2008-Jul-05 13:59:24.383     17 05 26.96 +12 26 25.3  106.054950462659  29.0365535   882.03212717   32.480517  29.072428   0.0194104   257.12735   49.402008
 2008-Sep-05 13:59:24.383     17 04 23.47 +12 12 16.1  107.378830977067  41.2293927   893.04250567   32.112459  29.215706   0.0129119   178.70038   67.878317
 2008-Nov-05 13:59:24.383     17 05 30.84 +11 54 59.0  108.686076872466  29.1637513   903.91453826   31.939320  28.850648   0.0221721   112.51314   45.031199
 2009-Jan-05 13:59:24.383     17 07 49.06 +11 51 46.8  109.275512734970   4.2353291   908.81672685   32.147405  28.314878   0.0220763   77.934148   8.2587620
 2009-Mar-05 13:59:24.383     17 09 05.88 +12 05 26.8  109.153904903731  -7.6283475   907.80534536   32.530132  28.119431   0.0132768   12.314963   -23.53402
 2009-May-05 13:59:24.383     17 08 16.90 +12 22 49.4  109.039292908148   4.8432918   906.85214645   32.739512  28.416537   0.0192672   296.30674   10.792661
 2009-Jul-05 13:59:24.383     17 06 18.24 +12 26 21.4  109.633597715554  28.8298402   911.79482882   32.577547  28.881803   0.0188715   257.42152   49.056982
 2009-Sep-05 13:59:24.383     17 05 15.67 +12 12 43.8  110.953153611219  41.1957548   922.76924056   32.221086  29.025294   0.0124754   179.75458   67.894821
 2009-Nov-05 13:59:24.383     17 06 19.71 +11 55 57.4  112.263234014598  29.3369284   933.66484704   32.050653  28.676173   0.0213474   112.82641   45.359129
 2010-Jan-05 13:59:24.383     17 08 33.22 +11 52 45.1  112.859317546477   4.4228226   938.62232260   32.249141  28.157897   0.0213981   78.152199   8.6101611
 2010-Mar-05 13:59:24.383     17 09 48.12 +12 05 55.4  112.740874315370  -7.6294628   937.63726029   32.619076  27.966130   0.0128728   12.909355   -23.50707
 2010-May-05 13:59:24.383     17 09 01.26 +12 22 47.1  112.622652713069   4.6456674   936.65404120   32.823339  28.251778   0.0186423   296.54293   10.368297
 2010-Jul-05 13:59:24.383     17 07 06.14 +12 26 18.3  113.209769732503  28.6335176   941.53694456   32.668176  28.703808   0.0183903   257.71961   48.684963
 2010-Sep-05 13:59:24.383     17 06 04.45 +12 13 10.0  114.525234868687  41.1936559   952.47733449   32.322531  28.847389   0.0120884   180.76606   67.890342
 2010-Nov-05 13:59:24.383     17 07 05.41 +11 56 52.4  115.838197514854  29.5070510   963.39691185   32.154664  28.513052   0.0206055   113.10710   45.639956
 2011-Jan-05 13:59:24.383     17 09 14.52 +11 53 40.0  116.440762751536   4.5747875   968.40829411   32.344252  28.011105   0.0207662   78.320882   8.8904067
 2011-Mar-05 13:59:24.383     17 10 27.60 +12 06 22.6  116.325435090162  -7.6435468   967.44914320   32.702209  27.822860   0.0124967   13.371108   -23.51107
 2011-May-05 13:59:24.383     17 09 42.71 +12 22 45.0  116.203907381947   4.4814622   966.43842807   32.901570  28.097834   0.0180647   296.71019   10.010867
 2011-Jul-05 13:59:24.383     17 07 50.93 +12 26 15.1  116.784308256410  28.4699177   971.26547495   32.752686  28.537329   0.0179191   257.94994   48.376171
 2011-Sep-05 13:59:24.383     17 06 50.13 +12 13 34.2  118.095872038483  41.1677891   982.17341831   32.417232  28.680745   0.0117147   181.64595   67.891782
 2011-Nov-05 13:59:24.383     17 07 48.23 +11 57 43.7  119.411591582899  29.6516787   993.11592409   32.251880  28.360171   0.0198890   113.37887   45.923495
 2012-Jan-05 13:59:24.383     17 09 53.21 +11 54 31.1  120.020587925411   4.7464212   998.18079223   32.433118  27.873572   0.0201502   78.510680   9.2169898
 2012-Mar-05 13:59:24.383     17 11 04.85 +12 07 04.3  119.904132014825  -7.6229433   997.21225795   32.785166  27.689484   0.0120849   12.182894   -23.52172
 2012-May-05 13:59:24.383     17 10 20.02 +12 22 53.3  119.786608948106   4.6848501   996.23484841   32.974882  27.960422   0.0175941   296.18766   10.415089
 2012-Jul-05 13:59:24.383     17 08 31.28 +12 26 05.7  120.374300127112  28.6358218  1001.12252691   32.826898  28.386652   0.0173580   257.51545   48.585169
 2012-Sep-05 13:59:24.383     17 07 32.98 +12 13 39.6  121.689396383637  41.1601889  1012.05984896   32.500892  28.522481   0.0113971   180.91888   67.838278
 2012-Nov-05 13:59:24.383     17 08 30.20 +11 58 19.7  123.001271351415  29.4651662  1022.97038037   32.342844  28.208723   0.0193451   113.04611   45.688710
 2013-Jan-05 13:59:24.383     17 10 31.46 +11 55 23.7  123.602247010105   4.5476625  1027.96854252   32.521348  27.737783   0.0194822   78.080835   8.8745908
 2013-Mar-05 13:59:24.383     17 11 39.62 +12 07 25.8  123.486307393523  -7.6267276  1027.00430213   32.857483  27.563058   0.0117519   12.760806   -23.50093
 2013-May-05 13:59:24.383     17 10 56.61 +12 22 48.9  123.365750713937   4.5087811  1026.00166280   33.043028  27.824239   0.0170740   296.39546   10.037136
 2013-Jul-05 13:59:24.383     17 09 10.87 +12 26 00.7  123.947107182091  28.4748410  1030.83665711   32.900751  28.239246   0.0169508   257.76133   48.268121
 2013-Sep-05 13:59:24.383     17 08 13.38 +12 13 58.9  125.258712954209  41.1648451  1041.74494969   32.583768  28.374878   0.0110778   181.76249   67.830721
 2013-Nov-05 13:59:24.383     17 09 08.09 +11 59 02.8  126.573405884104  29.6154437  1052.67891738   32.427918  28.073183   0.0187351   113.29602   45.932107
 2014-Jan-05 13:59:24.383     17 11 05.72 +11 56 06.2  127.180524038105   4.6890464  1057.72816510   32.599042  27.615640   0.0189543   78.251246   9.1364285
 2014-Mar-05 13:59:24.383     17 12 12.43 +12 07 44.8  127.067625802006  -7.6284450  1056.78921910   32.925253  27.443586   0.0114317   13.209990   -23.48530
 2014-May-05 13:59:24.383     17 11 31.14 +12 22 43.3  126.944175288480   4.3715692  1055.76251248   33.106837  27.695575   0.0165739   296.56278   9.7483058
 2014-Jul-05 13:59:24.383     17 09 48.26 +12 25 54.3  127.519469672034  28.3211169  1060.54708998   32.969939  28.099834   0.0165358   257.97446   48.010586
 2014-Sep-05 13:59:24.383     17 08 51.59 +12 14 15.6  128.827542259278  41.1328986  1071.42599795   32.661593  28.235048   0.0107636   182.55983   67.828777
 2014-Nov-05 13:59:24.383     17 09 43.96 +11 59 42.2  130.144788481041  29.7546266  1082.38120072   32.507950  27.944663   0.0181368   113.56480   46.198888
 2015-Jan-05 13:59:24.383     17 11 38.18 +11 56 45.2  130.757907070603   4.8611843  1087.48035254   32.672153  27.499788   0.0184497   78.456874   9.4590448
 2015-Mar-05 13:59:24.383     17 12 43.53 +12 08 01.4  130.648037236040  -7.6073649  1086.56659299   32.989009  27.330236   0.0111260   13.768081   -23.41315
 2015-May-05 13:59:24.383     17 12 03.88 +12 22 36.7  130.521728985474   4.2152541  1085.51611931   33.166902  27.573442   0.0160852   296.79047   9.4256677
 2015-Jul-05 13:59:24.383     17 10 23.73 +12 25 47.1  131.090874793999  28.1375468  1090.24956066   33.035178  27.967449   0.0161488   258.23543   47.712983
 2015-Sep-05 13:59:24.383     17 09 27.85 +12 14 30.4  132.395334809881  41.1226107  1101.09842380   32.735049  28.102245   0.0104761   183.44677   67.818878
 2015-Nov-05 13:59:24.383     17 10 18.04 +12 00 18.4  133.715144312538  29.9182299  1112.07494472   32.583529  27.822486   0.0175927   113.83962   46.452923
 2016-Jan-05 13:59:24.383     17 12 09.05 +11 57 21.2  134.334089872224   5.0106652  1117.22255798   32.741275  27.389511   0.0179944   78.654685   9.7254502
 2016-Mar-05 13:59:24.383     17 13 13.35 +12 08 31.5  134.222672866175  -7.6303761  1116.29593099   33.054156  27.223059   0.0108108   12.627646   -23.51287
 2016-May-05 13:59:24.383     17 12 33.62 +12 22 40.0  134.100300459255   4.4092516  1115.27819072   33.224126  27.463499   0.0157401   296.25842   9.7996816
 2016-Jul-05 13:59:24.383     17 10 55.93 +12 25 35.0  134.677234627669  28.3523220  1120.07640588   33.092772  27.846704   0.0156967   257.75711   47.969744
 2016-Sep-05 13:59:24.383     17 10 02.28 +12 14 29.1  135.985640095767  41.1291264  1130.95808235   32.800262  27.974482   0.0102227   182.45294   67.776506
 2016-Nov-05 13:59:24.383     17 10 52.01 +12 00 42.3  137.301288347046  29.6842415  1141.89999520   32.655222  27.699268   0.0171874   113.41439   46.137879
 2017-Jan-05 13:59:24.383     17 12 40.13 +11 57 59.9  137.911425956843   4.7672471  1146.97435497   32.811482  27.278693   0.0174417   78.171561   9.3060142
 2017-Mar-05 13:59:24.383     17 13 41.51 +12 08 45.0  137.799950972934  -7.6230732  1146.04724580   33.111343  27.120214   0.0105387   13.080100   -23.47591
 2017-May-05 13:59:24.383     17 13 03.29 +12 22 33.0  137.674691670716   4.2766747  1145.00549595   33.278149  27.352707   0.0153036   296.44876   9.5273948
 2017-Jul-05 13:59:24.383     17 11 28.06 +12 25 27.9  138.245659352984  28.1870059  1149.75408936   33.151552  27.726721   0.0153359   257.98245   47.720511
 2017-Sep-05 13:59:24.383     17 10 35.13 +12 14 42.0  139.550478755840  41.0917318  1160.60594143   32.866494  27.854130   0.0099530   183.24121   67.775387
 2017-Nov-05 13:59:24.383     17 11 22.88 +12 01 14.7  140.868339584097  29.8220237  1171.56625573   32.723402  27.588511   0.0166799   113.67269   46.394231
 2018-Jan-05 13:59:24.383     17 13 08.11 +11 58 32.0  141.483952129655   4.9290133  1176.68614915   32.873844  27.178651   0.0170227   78.375328   9.6042732
 2018-Mar-05 13:59:24.383     17 14 08.35 +12 08 58.0  141.375145203895  -7.6169831  1175.78122954   33.165852  27.022197   0.0102843   13.657325   -23.43447
 2018-May-05 13:59:24.383     17 13 31.56 +12 22 26.7  141.246930813920   4.1107599  1174.71490297   33.329694  27.247140   0.0148926   296.68458   9.1784871
 2018-Jul-05 13:59:24.383     17 11 58.68 +12 25 21.6  141.811887225199  28.0157370  1179.41350217   33.207644  27.612446   0.0150117   258.24359   47.429469
 2018-Sep-05 13:59:24.383     17 11 06.42 +12 14 54.8  143.113132339104  41.0858213  1190.23562778   32.929665  27.739531   0.0097084   184.04933   67.766089
 2018-Nov-05 13:59:24.383     17 11 52.30 +12 01 46.1  144.433178880165  29.9644422  1201.21412010   32.788432  27.483012   0.0162212   113.91701   46.613358
 2019-Jan-05 13:59:24.383     17 13 34.79 +11 59 03.1  145.054083550783   5.0517119  1206.37802678   32.933403  27.083302   0.0166345   78.544901   9.8210299
 2019-Mar-05 13:59:24.383     17 14 33.95 +12 09 11.2  144.947760135263  -7.6378796  1205.49376190   33.217995  26.928823   0.0100511   14.126085   -23.44956
 2019-May-05 13:59:24.383     17 13 58.50 +12 22 21.5  144.816630625501   3.9664674  1204.40319102   33.379003  27.146689   0.0145186   296.87353   8.8654950
 2019-Jul-05 13:59:24.383     17 12 27.83 +12 25 16.3  145.375799861581  27.8774981  1209.05365975   33.261229  27.503725   0.0146975   258.44947   47.183490
 2019-Sep-05 13:59:24.383     17 11 36.24 +12 15 07.8  146.673510441566  41.0571890  1219.84638954   32.989997  27.630413   0.0094716   184.72556   67.754547
 2019-Nov-05 13:59:24.383     17 12 20.35 +12 02 16.8  147.995536169196  30.0737051  1230.84134225   32.850592  27.382530   0.0157698   114.13630   46.827727
 2020-Jan-05 13:59:24.383     17 14 00.22 +11 59 33.6  148.621621717003   5.1876985  1236.04833697   32.990362  26.992564   0.0162433   78.701259   10.075265
 2020-Mar-05 13:59:24.383     17 14 58.55 +12 09 38.4  148.513452781817  -7.6354081  1235.14872337   33.272220  26.840652   0.0097811   12.891303   -23.50410
 2020-May-05 13:59:24.383     17 14 22.90 +12 22 26.7  148.386278937217   4.1865535  1234.09105076   33.426502  27.056786   0.0142266   296.33876   9.3122308
 2020-Jul-05 13:59:24.383     17 12 54.21 +12 25 08.1  148.953455629619  28.0674673  1238.80811547   33.308725  27.404983   0.0143045   257.99760   47.457134
 2020-Sep-05 13:59:24.383     17 12 04.56 +12 15 07.8  150.255187695291  41.0468080  1249.63429094   33.043714  27.525460   0.0092535   183.82332   67.732707
 2020-Nov-05 13:59:24.383     17 12 48.43 +12 02 38.0  151.572860825638  29.8572560  1260.59304420   32.909964  27.280870   0.0154363   113.73698   46.549366
 2021-Jan-05 13:59:24.383     17 14 25.93 +12 00 08.2  152.189759646417   4.9584948  1265.72363524   33.048914  26.901142   0.0157946   78.256156   9.6790543
 2021-Mar-05 13:59:24.383     17 15 21.74 +12 09 51.8  152.081216218259  -7.6428355  1264.82090708   33.319784  26.756250   0.0095660   13.436841   -23.49294
 2021-May-05 13:59:24.383     17 14 47.32 +12 22 23.7  151.951186345650   4.0250778  1263.73948160   33.471594  26.965888   0.0138827   296.56389   8.9652264
 2021-Jul-05 13:59:24.383     17 13 20.63 +12 25 05.4  152.512670704101  27.9188449  1268.40920462   33.357778  27.306676   0.0140323   258.24377   47.179748
 2021-Sep-05 13:59:24.383     17 12 31.53 +12 15 21.7  153.811108916923  41.0450146  1279.20798594   33.098822  27.426973   0.0090462   184.56171   67.717097
 2021-Nov-05 13:59:24.383     17 13 13.77 +12 03 07.7  155.130909564875  29.9825089  1290.18443323   32.966596  27.190306   0.0150389   113.96574   46.751336
 2022-Jan-05 13:59:24.383     17 14 48.89 +12 00 37.5  155.752922296097   5.0752058  1295.35755537   33.100732  26.819407   0.0154507   78.403780   9.8915640
 2022-Mar-05 13:59:24.383     17 15 43.75 +12 10 05.4  155.646906330722  -7.6517495  1294.47584747   33.365153  26.676212   0.0093616   13.832420   -23.48446
 2022-May-05 13:59:24.383     17 15 10.49 +12 22 21.5  155.514225817241   3.9016924  1293.37237729   33.514543  26.879737   0.0135565   296.72727   8.6996760
 2022-Jul-05 13:59:24.383     17 13 45.71 +12 25 03.2  156.070358523556  27.7864613  1297.99759197   33.404426  27.213426   0.0137557   258.43188   46.953901
 2022-Sep-05 13:59:24.383     17 12 57.17 +12 15 35.3  157.365592110806  41.0128188  1308.76972124   33.151258  27.333431   0.0088386   185.23543   67.708638
 2022-Nov-05 13:59:24.383     17 13 37.86 +12 03 36.6  158.687426564583  30.0958355  1319.76308317   33.020530  27.104305   0.0146390   114.19501   46.981814
 2023-Jan-05 13:59:24.383     17 15 10.68 +12 01 05.9  159.314595447612   5.2240963  1324.97908772   33.150049  26.741879   0.0151092   78.581750   10.173357
 2023-Mar-05 13:59:24.383     17 16 04.64 +12 10 18.6  159.211292783384  -7.6289468  1324.11994566   33.408256  26.600311   0.0091551   14.301939   -23.41497
 2023-May-05 13:59:24.383     17 15 32.49 +12 22 19.4  159.076198066728   3.7710563  1322.99639716   33.555297  26.797924   0.0132270   296.92899   8.4287643
 2023-Jul-05 13:59:24.383     17 14 09.55 +12 25 01.2  159.627034335825  27.6270571  1327.57756272   33.448734  27.124764   0.0134910   258.67219   46.700768
 2023-Sep-05 13:59:24.383     17 13 21.55 +12 15 48.4  160.919127379724  40.9990191  1338.32357289   33.201093  27.244506   0.0086464   186.03350   67.694975
 2023-Nov-05 13:59:24.383     17 14 00.75 +12 04 04.0  162.243197612371  30.2408085  1349.33552922   33.071750  27.022558   0.0142704   114.46536   47.214467
 2024-Jan-05 13:59:24.383     17 15 31.41 +12 01 32.7  162.875596401071   5.3650364  1354.59502957   33.196851  26.668146   0.0148021   78.778460   10.425952
 2024-Mar-05 13:59:24.383     17 16 24.72 +12 10 43.4  162.770618464033  -7.6478715  1353.72195469   33.453092  26.528649   0.0089354   13.127577   -23.51234
 2024-May-05 13:59:24.383     17 15 52.28 +12 22 25.4  162.639831767489   3.9828847  1352.63423490   33.594238  26.725188   0.0130101   296.39174   8.8460097
 2024-Jul-05 13:59:24.383     17 14 30.97 +12 24 54.9  163.199379533471  27.8659484  1357.28785177   33.487296  27.044655   0.0131768   258.18873   46.987840
 2024-Sep-05 13:59:24.383     17 13 44.68 +12 15 47.9  164.496277876341  41.0240119  1368.07382639   33.244678  27.158725   0.0084751   184.96418   67.667632
 2024-Nov-05 13:59:24.383     17 14 23.83 +12 04 21.1  165.816318301423  30.0048109  1379.05226784   33.120266  26.938974   0.0140181   114.00895   46.877870
 2025-Jan-05 13:59:24.383     17 15 52.56 +12 02 01.6  166.439497373621   5.1069247  1384.23509015   33.244990  26.593002   0.0144169   78.282540   9.9805080
 2025-Mar-05 13:59:24.383     17 16 43.65 +12 10 54.0  166.334245965341  -7.6367271  1383.35974087   33.491733  26.459665   0.0087496   13.526254   -23.46847
 2025-May-05 13:59:24.383     17 16 12.28 +12 22 21.9  166.201259338010   3.8766020  1382.25372482   33.630785  26.650664   0.0127105   296.54652   8.6273162
 2025-Jul-05 13:59:24.383     17 14 52.67 +12 24 51.5  166.755894903395  27.7351788  1386.86648816   33.527128  26.963783   0.0129259   258.37150   46.786725
 2025-Sep-05 13:59:24.383     17 14 06.89 +12 15 58.3  168.049951985384  40.9978415  1397.62883274   33.289575  27.077528   0.0082928   185.62678   67.662267
 2025-Nov-05 13:59:24.383     17 14 44.69 +12 04 44.6  169.372178076077  30.1276584  1408.62545181   33.166437  26.864295   0.0136705   114.25133   47.105930
 2026-Jan-05 13:59:24.383     17 16 11.44 +12 02 24.2  170.000491799762   5.2597843  1413.85097771   33.287082  26.525601   0.0141269   78.489124   10.264559
 2026-Mar-05 13:59:24.383     17 17 01.79 +12 11 03.1  169.897966649893  -7.6160504  1412.99830204   33.528407  26.393489   0.0085705   14.063501   -23.40090
 2026-May-05 13:59:24.383     17 16 31.44 +12 22 17.5  169.762748465660   3.7440860  1411.87372669   33.665492  26.579107   0.0124186   296.76830   8.3531711
 2026-Jul-05 13:59:24.383     17 15 13.49 +12 24 47.2  170.312406987377  27.5887018  1416.44509722   33.565041  26.886089   0.0126951   258.60083   46.547005
 2026-Sep-05 13:59:24.383     17 14 28.20 +12 16 07.3  171.603587653300  40.9964350  1427.18351937   33.332370  26.999508   0.0081296   186.33952   67.640297
 2026-Nov-05 13:59:24.383     17 15 04.72 +12 05 06.1  172.928026405103  30.2663466  1438.19854059   33.210456  26.792474   0.0133580   114.49570   47.304138
 2027-Jan-05 13:59:24.383     17 16 29.60 +12 02 45.0  173.561367463058   5.3839698  1443.46587755   33.327246  26.460677   0.0138650   78.665755   10.480991
 2027-Mar-05 13:59:24.383     17 17 19.24 +12 11 11.0  173.461400104773  -7.6252100  1442.63447439   33.563431  26.329725   0.0084104   14.542186   -23.38621
 2027-May-05 13:59:24.383     17 16 49.87 +12 22 12.6  173.323906033063   3.6177915  1441.49097106   33.698647  26.510213   0.0121535   296.95015   8.0815632
 2027-Jul-05 13:59:24.383     17 15 33.51 +12 24 42.3  173.868694438685  27.4721918  1446.02183807   33.601257  26.811285   0.0124736   258.77129   46.338109
 2027-Sep-05 13:59:24.383     17 14 48.72 +12 16 15.1  175.156998190124  40.9851093  1456.73633365   33.373301  26.924295   0.0079689   186.89595   67.624159
 2027-Nov-05 13:59:24.383     17 15 24.03 +12 05 26.1  176.483462157519  30.3716379  1467.76819808   33.252639  26.723153   0.0130519   114.69172   47.484201
 2028-Jan-05 13:59:24.383     17 16 47.11 +12 03 04.4  177.121682735524   5.5068359  1473.07611677   33.365766  26.397996   0.0135967   78.824464   10.706797
 2028-Mar-05 13:59:24.383     17 17 36.27 +12 11 29.4  177.019884170543  -7.6273567  1472.22948392   33.600661  26.268657   0.0082134   13.295584   -23.46303
 2028-May-05 13:59:24.383     17 17 06.61 +12 22 15.0  176.886696832198   3.8600367  1471.12179860   33.730743  26.448431   0.0119553   296.39599   8.5820665
 2028-Jul-05 13:59:24.383     17 15 51.65 +12 24 33.7  177.440295550100  27.6934120  1475.72593875   33.632889  26.743077   0.0121773   258.29749   46.673574
 2028-Sep-05 13:59:24.383     17 15 08.43 +12 16 11.1  178.733321795013  40.9825315  1486.47971011   33.409291  26.850808   0.0078105   185.85798   67.619990
 2028-Nov-05 13:59:24.383     17 15 43.81 +12 05 37.3  180.055549947701  30.1433023  1497.47634634   33.293125  26.651115   0.0128361   114.26052   47.172453
 2029-Jan-05 13:59:24.383     17 17 05.30 +12 03 26.5  180.684228961351   5.2693767  1502.70491026   33.406262  26.333040   0.0132748   78.382724   10.295574
 2029-Mar-05 13:59:24.383     17 17 52.52 +12 11 35.7  180.581817711392  -7.6206270  1501.85318186   33.632938  26.209129   0.0080622   13.854204   -23.41668
 2029-May-05 13:59:24.383     17 17 23.80 +12 22 09.6  180.446235817571   3.7172779  1500.72558164   33.761415  26.384062   0.0117016   296.62830   8.2813674
 2029-Jul-05 13:59:24.383     17 16 10.31 +12 24 28.8  180.994781976753  27.5530488  1505.28770093   33.666513  26.673288   0.0119776   258.51776   46.434038
 2029-Sep-05 13:59:24.383     17 15 27.53 +12 16 18.2  182.284831894338  40.9813178  1516.01671893   33.447293  26.780767   0.0076659   186.49688   67.599572
 2029-Nov-05 13:59:24.383     17 16 01.78 +12 05 55.7  183.608998912459  30.2655880  1527.02948021   33.332241  26.586582   0.0125617   114.46765   47.347055