 Date__(UT)__HR:MN:SC.fff     R.A._____(ICRF)_____DEC             delta      deldot      GlxLon     GlxLat
 1977-Aug-20 15:32:32.183     23 16 53.36 +14 37 29.7  0.00005233912831   6.4864098   91.269443 -42.360086
 1977-Aug-20 15:32:37.546     23 18 28.75 +14 56 28.6  0.00005257300453   6.5621161   91.930488 -42.266269
 1977-Sep-10 21:16:38.417     04 49 42.62 +41 18 30.2  0.12196831381784   9.4890493  163.335068  -2.156671
 1978-Feb-03 09:07:51.179     03 54 46.11 +25 54 07.3  1.70971638058425  35.2473397  166.659867 -21.013804
 1978-Feb-05 06:38:45.885     03 57 00.66 +25 53 58.2  1.74845318927825  35.4843796  167.054094 -20.669627
 1978-Feb-07 03:22:59.302     03 59 15.13 +25 54 01.4  1.78677240381986  35.7017634  167.442218 -20.320745
 1978-Feb-08 23:24:30.666     04 01 29.52 +25 54 15.2  1.82470208894850  35.8998385  167.824566 -19.967552
 1978-Feb-10 18:47:02.531     04 03 43.83 +25 54 38.3  1.86226904185501  36.0796757  168.201440 -19.610398
 1978-Feb-12 13:34:02.782     04 05 58.07 +25 55 09.5  1.89949960334256  36.2427754  168.573120 -19.249589
 1978-Feb-14 07:48:42.000     04 08 12.24 +25 55 47.6  1.93641892651486  36.3906257  168.939876 -18.885391
 1978-Feb-16 01:33:51.407     04 10 26.35 +25 56 31.6  1.97305005253122  36.5244898  169.301955 -18.518042
 1978-Feb-17 18:52:03.222     04 12 40.42 +25 57 20.7  2.00941351689175  36.6454076  169.659591 -18.147750
 1978-Feb-19 11:45:32.500     04 14 54.45 +25 58 14.0  2.04552741413775  36.7542693  170.012997 -17.774704
 1978-Feb-21 04:16:19.213     04 17 08.44 +25 59 10.8  2.08140763053689  36.8518710  170.362372 -17.399074
 1978-Feb-22 20:26:09.904     04 19 22.40 +26 00 10.4  2.11706803580076  36.9389198  170.707902 -17.021012
 1978-Feb-24 12:16:38.790     04 21 36.34 +26 01 12.3  2.15252054464340  37.0159907  171.049759 -16.640657
 1978-Feb-26 03:49:08.531     04 23 50.26 +26 02 15.9  2.18777506155915  37.0834607  171.388106 -16.258134
 1978-Feb-27 19:04:51.040     04 26 04.18 +26 03 20.7  2.22283939875290  37.1414593  171.723094 -15.873556
 1978-Mar-01 10:04:48.668     04 28 18.09 +26 04 26.2  2.25771927696728  37.1898643  172.054863 -15.487027
 1978-Mar-03 00:49:55.836     04 30 32.00 +26 05 32.1  2.29241847434423  37.2283399  172.383542 -15.098642
 1978-Mar-04 15:21:01.043     04 32 45.91 +26 06 38.0  2.32693913448237  37.2564147  172.709249 -14.708492
 1978-Mar-06 05:38:49.099     04 34 59.82 +26 07 43.5  2.36128223418108  37.2736058  173.032092 -14.316660
 1978-Mar-07 19:44:03.394     04 37 13.74 +26 08 48.3  2.39544820514786  37.2795917  173.352173 -13.923228
 1978-Mar-09 09:37:27.791     04 39 27.66 +26 09 52.3  2.42943761565167  37.2743668  173.669585 -13.528272
 1978-Mar-10 23:19:47.489     04 41 41.58 +26 10 55.0  2.46325168482058  37.2582741  173.984420 -13.131865
 1978-Mar-12 12:51:48.585     04 43 55.50 +26 11 56.2  2.49689241959957  37.2318887  174.296768 -12.734075
 1978-Mar-14 02:14:16.760     04 46 09.43 +26 12 55.7  2.53036239231117  37.1958470  174.606719 -12.334964
 1978-Mar-15 15:27:55.948     04 48 23.36 +26 13 53.3  2.56366437786644  37.1507308  174.914362 -11.934590
 1978-Mar-17 04:33:27.514     04 50 37.29 +26 14 48.7  2.59680105709365  37.0970337  175.219783 -11.533007
 1978-Mar-18 17:31:29.980     04 52 51.23 +26 15 41.8  2.62977485894568  37.0351821  175.523065 -11.130267
 1978-Mar-20 06:22:39.068     04 55 05.18 +26 16 32.2  2.66258791178036  36.9655700  175.824290 -10.726419
 1978-Mar-21 19:07:27.800     04 57 19.13 +26 17 19.9  2.69524203852875  36.8885795  176.123537 -10.321508
 1978-Mar-23 07:46:26.477     04 59 33.09 +26 18 04.6  2.72773873145460  36.8045712  176.420883  -9.915579
 1978-Mar-24 20:20:02.481     05 01 47.06 +26 18 46.2  2.76007905807449  36.7138348  176.716401  -9.508671
 1978-Mar-26 08:48:39.959     05 04 01.03 +26 19 24.5  2.79226348418771  36.6165114  177.010166  -9.100824
 1978-Mar-27 21:12:39.594     05 06 15.01 +26 19 59.4  2.82429165720239  36.5125282  177.302248  -8.692073
 1978-Mar-29 09:32:18.748     05 08 29.00 +26 20 30.6  2.85616224599682  36.4015886  177.592712  -8.282450
 1978-Mar-30 21:47:52.103     05 10 43.00 +26 20 58.2  2.88787293089764  36.2832349  177.881622  -7.871990
 1978-Apr-01 09:59:32.710     05 12 57.00 +26 21 21.9  2.91942056825525  36.1569538  178.169036  -7.460725
 1978-Apr-02 22:07:33.176     05 15 11.01 +26 21 41.7  2.95080147956466  36.0222838  178.455008  -7.048685
 1978-Apr-04 10:12:06.722     05 17 25.02 +26 21 57.4  2.98201179202306  35.8789053  178.739591  -6.635904
 1978-Apr-05 22:13:27.948     05 19 39.03 +26 22 09.0  3.01304777023506  35.7267031  179.022834  -6.222411
 1978-Apr-07 10:11:53.203     05 21 53.03 +26 22 16.4  3.04390608416444  35.5657871  179.304786  -5.808236
 1978-Apr-08 22:07:40.493     05 24 07.03 +26 22 19.5  3.07458395710595  35.3964555  179.585495  -5.393408
 1978-Apr-10 10:01:08.984     05 26 21.01 +26 22 18.2  3.10507916438684  35.2191143  179.865012  -4.977954
 1978-Apr-11 21:52:38.302     05 28 34.99 +26 22 12.5  3.13538991169292  35.0341909  180.143385  -4.561899
 1978-Apr-13 09:42:27.898     05 30 48.95 +26 22 02.1  3.16551466628766  34.8420791  180.420665  -4.145268
 1978-Apr-14 21:30:56.600     05 33 02.89 +26 21 47.2  3.19545201095679  34.6431237  180.696900  -3.728085
 1978-Apr-16 09:18:22.401     05 35 16.82 +26 21 27.6  3.22520055383641  34.4376357  180.972141  -3.310371
 1978-Apr-17 21:05:02.377     05 37 30.73 +26 21 03.1  3.25475888991624  34.2259166  181.246436  -2.892150
 1978-Apr-19 08:51:12.622     05 39 44.62 +26 20 33.8  3.28412558638464  34.0082736  181.519833  -2.473442
 1978-Apr-20 20:37:08.093     05 41 58.48 +26 19 59.6  3.31329915089538  33.7850064  181.792381  -2.054268
 1978-Apr-22 08:23:02.302     05 44 12.32 +26 19 20.4  3.34227793723744  33.5563492  182.064128  -1.634647
 1978-Apr-23 20:09:06.891     05 46 26.13 +26 18 36.1  3.37105995922467  33.3223746  182.335121  -1.214598
 1978-Apr-25 07:55:31.268     05 48 39.91 +26 17 46.7  3.39964263960785  33.0829058  182.605408  -0.794136
 1978-Apr-26 19:42:22.622     05 50 53.66 +26 16 52.2  3.42802260046352  32.8375127  182.875032  -0.373279
 1978-Apr-28 07:29:46.522     05 53 07.37 +26 15 52.4  3.45619562640717  32.5856196  183.144036   0.047956
 1978-Apr-29 19:17:47.946     05 55 21.05 +26 14 47.3  3.48415684301711  32.3266669  183.412458   0.469552
 1978-May-01 07:06:32.378     05 57 34.70 +26 13 36.9  3.51190102446748  32.0602349  183.680337   0.891491
 1978-May-02 18:56:06.580     05 59 48.29 +26 12 21.2  3.53942290294685  31.7860968  183.947707   1.313755
 1978-May-04 06:46:38.970     06 02 01.84 +26 11 00.2  3.56671740488362  31.5042179  184.214604   1.736325
 1978-May-05 18:38:19.657     06 04 15.34 +26 09 33.8  3.59377979984038  31.2147298  184.481064   2.159185
 1978-May-07 06:31:20.247     06 06 28.79 +26 08 02.0  3.62060577044996  30.9178899  184.747122   2.582317
 1978-May-08 18:25:53.481     06 08 42.18 +26 06 24.7  3.64719141212595  30.6140315  185.012814   3.005706
 1978-May-10 06:22:12.806     06 10 55.50 +26 04 42.0  3.67353317572437  30.3035119  185.278179   3.429335
 1978-May-11 18:20:31.954     06 13 08.76 +26 02 53.8  3.69962777812374  29.9866750  185.543253   3.853190
 1978-May-13 06:21:04.618     06 15 21.96 +26 01 00.1  3.72547211207811  29.6638361  185.808076   4.277255
 1978-May-14 18:24:04.243     06 17 35.08 +25 59 00.9  3.75106317967925  29.3352888  186.072685   4.701517
 1978-May-16 06:29:43.895     06 19 48.13 +25 56 56.1  3.77639805714688  29.0013236  186.337119   5.125960
 1978-May-17 18:38:16.157     06 22 01.11 +25 54 45.8  3.80147387939157  28.6622421  186.601417   5.550572
 1978-May-19 06:49:52.931     06 24 14.01 +25 52 29.8  3.82628781324696  28.3183433  186.865620   5.975338
 1978-May-20 19:04:45.095     06 26 26.83 +25 50 08.2  3.85083697073243  27.9698575  187.129766   6.400245
 1978-May-22 07:23:02.003     06 28 39.56 +25 47 40.9  3.87511821481724  27.6168238  187.393895   6.825283
 1978-May-23 19:44:51.030     06 30 52.22 +25 45 08.0  3.89912786543905  27.2589705  187.658048   7.250440
 1978-May-25 08:10:17.554     06 33 04.78 +25 42 29.4  3.92286142788750  26.8957170  187.922263   7.675705
 1978-May-26 20:39:25.669     06 35 17.26 +25 39 45.1  3.94631353161274  26.5263498  188.186574   8.101066
 1978-May-28 09:12:19.460     06 37 29.64 +25 36 55.0  3.96947815151155  26.1502608  188.451015   8.526510
 1978-May-29 21:49:04.207     06 39 41.92 +25 33 59.3  3.99234897782870  25.7670876  188.715619   8.952021
 1978-May-31 10:29:47.055     06 41 54.11 +25 30 57.9  4.01491974127267  25.3767176  188.980416   9.377588
 1978-Jun-01 23:14:37.140     06 44 06.19 +25 27 50.9  4.03718440633463  24.9792265  189.245438   9.803194
 1978-Jun-03 12:03:45.389     06 46 18.16 +25 24 38.1  4.05913725310923  24.5748139  189.510718  10.228826
 1978-Jun-05 00:57:24.224     06 48 30.02 +25 21 19.7  4.08077289571515  24.1637585  189.776290  10.654472
 1978-Jun-06 13:55:47.234     06 50 41.77 +25 17 55.7  4.10208626731867  23.7463847  190.042187  11.080118
 1978-Jun-08 02:59:08.850     06 52 53.40 +25 14 26.0  4.12307258310618  23.3230344  190.308445  11.505751
 1978-Jun-09 16:07:44.048     06 55 04.90 +25 10 50.7  4.14372728849937  22.8940453  190.575101  11.931358
 1978-Jun-11 05:21:48.086     06 57 16.29 +25 07 09.7  4.16404600440802  22.4597414  190.842190  12.356928
 1978-Jun-12 18:41:36.313     06 59 27.55 +25 03 23.1  4.18402448325668  22.0204387  191.109750  12.782447
 1978-Jun-14 08:07:24.004     07 01 38.68 +24 59 30.8  4.20365858241431  21.5764576  191.377821  13.207903
 1978-Jun-15 21:39:26.165     07 03 49.68 +24 55 32.9  4.22294424438977  21.1281245  191.646439  13.633284
 1978-Jun-17 11:17:57.223     07 06 00.55 +24 51 29.3  4.24187744678182  20.6757288  191.915646  14.058579
 1978-Jun-19 01:03:10.505     07 08 11.28 +24 47 20.2  4.26045405844375  20.2194040  192.185482  14.483777
 1978-Jun-20 14:55:17.614     07 10 21.87 +24 43 05.4  4.27866954894191  19.7589549  192.455987  14.908869
 1978-Jun-22 04:54:28.077     07 12 32.33 +24 38 45.0  4.29651860671486  19.2937689  192.727202  15.333845
 1978-Jun-23 19:00:49.855     07 14 42.65 +24 34 18.9  4.31399489206931  18.8229767  192.999164  15.758694
 1978-Jun-25 09:14:30.822     07 16 52.82 +24 29 47.3  4.33109114959226  18.3457979  193.271906  16.183403
 1978-Jun-26 23:35:40.492     07 19 02.85 +24 25 10.2  4.34779962034973  17.8617915  193.545464  16.607958
 1978-Jun-28 14:04:31.043     07 21 12.73 +24 20 27.6  4.36411246828395  17.3708670  193.819869  17.032346
 1978-Jun-30 04:41:17.468     07 23 22.46 +24 15 39.4  4.38002202954417  16.8731631  194.095157  17.456550
 1978-Jul-01 19:26:17.247     07 25 32.03 +24 10 45.8  4.39552089343447  16.3689355  194.371361  17.880559
 1978-Jul-03 10:19:49.952     07 27 41.44 +24 05 46.8  4.41060190140250  15.8584966  194.648519  18.304357
 1978-Jul-05 01:22:16.914     07 29 50.69 +24 00 42.4  4.42525812553931  15.3421946  194.926669  18.727932
 1978-Jul-06 16:34:00.973     07 31 59.78 +23 55 32.6  4.43948284630570  14.8204026  195.205849  19.151269
 1978-Jul-08 07:55:26.236     07 34 08.70 +23 50 17.5  4.45326952739783  14.2935077  195.486099  19.574356
 1978-Jul-09 23:26:57.837     07 36 17.45 +23 44 57.1  4.46661178422902  13.7619005  195.767460  19.997178
 1978-Jul-11 15:09:01.696     07 38 26.03 +23 39 31.3  4.47950334943569  13.2259705  196.049973  20.419723
 1978-Jul-13 07:02:04.263     07 40 34.44 +23 34 00.3  4.49193803954866  12.6861037  196.333680  20.841977
 1978-Jul-14 23:06:32.179     07 42 42.68 +23 28 24.0  4.50390970992974  12.1426577  196.618620  21.263922
 1978-Jul-16 15:22:51.754     07 44 50.74 +23 22 42.4  4.51541214725690  11.5958668  196.904846  21.685533
 1978-Jul-18 07:51:28.220     07 46 58.63 +23 16 55.7  4.52643881300665  11.0456495  197.192427  22.106807
 1978-Jul-20 00:32:45.065     07 49 06.34 +23 11 03.7  4.53698239664624  10.4914154  197.481400  22.527753
 1978-Jul-21 17:27:04.189     07 51 13.88 +23 05 06.6  4.54703434226267   9.9321341  197.771797  22.948355
 1978-Jul-23 10:34:47.597     07 53 21.23 +22 59 04.4  4.55658471821015   9.3667707  198.063656  23.368595
 1978-Jul-25 03:56:20.059     07 55 28.40 +22 52 57.1  4.56562258695101   8.7947299  198.357018  23.788452
 1978-Jul-26 21:32:11.077     07 57 35.39 +22 46 44.8  4.57413656224394   8.2159327  198.651920  24.207909
 1978-Jul-28 15:22:55.352     07 59 42.19 +22 40 27.5  4.58211517835300   7.6306209  198.948402  24.626947
 1978-Jul-30 09:29:12.370     08 01 48.80 +22 34 05.3  4.58954700163705   7.0391639  199.246506  25.045549
 1978-Aug-01 03:51:45.901     08 03 55.22 +22 27 38.3  4.59642060843406   6.4419733  199.546276  25.463698
 1978-Aug-02 22:31:23.740     08 06 01.45 +22 21 06.5  4.60272454166924   5.8394955  199.847755  25.881376
 1978-Aug-04 17:28:57.632     08 08 07.47 +22 14 29.9  4.60844728778647   5.2322253  200.150990  26.298565
 1978-Aug-06 12:45:23.206     08 10 13.30 +22 07 48.5  4.61357726625085   4.6207056  200.456028  26.715246
 1978-Aug-08 08:21:39.823     08 12 18.93 +22 01 02.5  4.61810280682136   4.0055036  200.762918  27.131402
 1978-Aug-10 04:18:50.268     08 14 24.36 +21 54 11.9  4.62201209518054   3.3871714  201.071712  27.547015
 1978-Aug-12 00:38:00.311     08 16 29.58 +21 47 16.6  4.62529307144731   2.7661840  201.382461  27.962066
 1978-Aug-13 21:20:18.049     08 18 34.60 +21 40 16.7  4.62793323696160   2.1428096  201.695221  28.376540
 1978-Aug-15 18:26:53.035     08 20 39.42 +21 33 12.3  4.62991926398277   1.5168645  202.010046  28.790422
 1978-Aug-17 15:58:55.602     08 22 44.03 +21 26 03.4  4.63123632061679   0.8874760  202.326989  29.203697
 1978-Aug-19 13:57:37.727     08 24 48.44 +21 18 50.1  4.63186730423643   0.2532471  202.646099  29.616348
 1978-Aug-21 12:24:16.768     08 26 52.64 +21 11 32.5  4.63179252783947  -0.3870379  202.967419  30.028353
 1978-Aug-23 11:20:20.800     08 28 56.64 +21 04 10.6  4.63099011602474  -1.0338235  203.290987  30.439685
 1978-Aug-25 10:47:32.307     08 31 00.41 +20 56 44.5  4.62943662772343  -1.6868498  203.616843  30.850318
 1978-Aug-27 10:47:49.233     08 33 03.97 +20 49 14.3  4.62710735789059  -2.3455359  203.945028  31.260224
 1978-Aug-29 11:23:25.123     08 35 07.30 +20 41 40.1  4.62397627310451  -3.0092164  204.275584  31.669375
 1978-Aug-31 12:36:49.867     08 37 10.41 +20 34 02.0  4.62001579725199  -3.6771631  204.608555  32.077743
 1978-Sep-02 14:30:51.295     08 39 13.29 +20 26 20.1  4.61519660716500  -4.3485151  204.943986  32.485297
 1978-Sep-04 17:08:37.142     08 41 15.93 +20 18 34.3  4.60948746352506  -5.0222500  205.281921  32.892005
 1978-Sep-06 20:33:36.790     08 43 18.33 +20 10 44.9  4.60285498886166  -5.6972791  205.622408  33.297836
 1978-Sep-09 00:49:42.511     08 45 20.50 +20 02 51.9  4.59526324585171  -6.3726689  205.965493  33.702757
 1978-Sep-11 06:01:10.456     08 47 22.41 +19 54 55.4  4.58667296290627  -7.0479564  206.311224  34.106738
 1978-Sep-13 12:12:42.117     08 49 24.08 +19 46 55.4  4.57704021983517  -7.7235541  206.659646  34.509750
 1978-Sep-15 19:29:27.963     08 51 25.49 +19 38 52.2  4.56631441806159  -8.4009930  207.010794  34.911759
 1978-Sep-18 03:57:17.339     08 53 26.64 +19 30 45.7  4.55443584933965  -9.0822733  207.364683  35.312724
 1978-Sep-20 13:42:58.369     08 55 27.52 +19 22 36.4  4.54133384340917  -9.7684052  207.721309  35.712585
 1978-Sep-23 00:54:43.188     08 57 28.10 +19 14 24.3  4.52692574591822 -10.4588135  208.080651  36.111272
 1978-Sep-25 13:42:30.656     08 59 28.37 +19 06 09.7  4.51111553472464 -11.1519950  208.442679  36.508705
 1978-Sep-28 04:18:29.761     09 01 28.30 +18 57 53.0  4.49379102001404 -11.8460798  208.807347  36.904795
 1978-Sep-30 20:57:33.347     09 03 27.87 +18 49 34.3  4.47481950339307 -12.5387011  209.174585  37.299431
 1978-Oct-03 15:58:08.326     09 05 27.03 +18 41 14.1  4.45404193992800 -13.2266166  209.544294  37.692480
 1978-Oct-06 13:43:24.697     09 07 25.74 +18 32 52.7  4.43126483261651 -13.9059974  209.916335  38.083783
 1978-Oct-09 14:42:47.619     09 09 23.95 +18 24 30.7  4.40624740203441 -14.5738965  210.290516  38.473148
 1978-Oct-12 19:34:14.802     09 11 21.58 +18 16 08.7  4.37867958466841 -15.2298430  210.666540  38.860326
 1978-Oct-16 05:08:20.245     09 13 18.50 +18 07 47.7  4.34814415649053 -15.8754896  211.043910  39.244944
 1978-Oct-19 20:36:10.778     09 15 14.52 +17 59 29.4  4.31405248850115 -16.5099594  211.421767  39.626383
 1978-Oct-23 19:45:08.545     09 17 09.29 +17 51 16.3  4.27553120884637 -17.1243640  211.798671  40.003592
 1978-Oct-28 05:30:14.575     09 19 02.20 +17 43 12.4  4.23119553389972 -17.7001402  212.172089  40.374699
 1978-Nov-02 07:07:43.166     09 20 52.00 +17 35 25.6  4.17861503901217 -18.2000028  212.536946  40.735850
 1978-Nov-08 11:54:32.103     09 22 35.57 +17 28 14.4  4.11274910386391 -18.5449505  212.880853  41.077346
 1978-Nov-17 04:55:25.066     09 24 00.91 +17 22 45.4  4.01925766205544 -18.5349248  213.157408  41.361511
 1978-Dec-09 00:18:53.272     09 22 01.05 +17 34 24.5  3.79976951560087 -15.5380321  212.690783  40.988561
 1978-Dec-16 02:13:17.859     09 19 36.24 +17 45 52.0  3.74011272193071 -13.5652917  212.184676  40.520336
 1978-Dec-21 01:51:53.349     09 17 24.16 +17 55 56.7  3.70341319598167 -11.8886516  211.735194  40.090619
 1978-Dec-25 05:40:48.275     09 15 15.78 +18 05 29.4  3.67672623746159 -10.3044640  211.307384  39.671160
 1978-Dec-28 21:58:25.647     09 13 09.19 +18 14 41.4  3.65644734008867  -8.7627615  210.893471  39.256105
 1979-Jan-01 06:36:17.584     09 11 03.65 +18 23 37.5  3.64090096159082  -7.2456960  210.490248  38.843230
 1979-Jan-04 09:47:23.970     09 08 58.78 +18 32 20.1  3.62913415463973  -5.7498804  210.095963  38.431434
 1979-Jan-07 08:57:01.142     09 06 54.34 +18 40 51.0  3.62054483222961  -4.2728682  209.709464  38.020045
 1979-Jan-10 05:03:14.998     09 04 50.18 +18 49 11.0  3.61473474900741  -2.8100313  209.329973  37.608646
 1979-Jan-12 22:48:02.355     09 02 46.20 +18 57 20.8  3.61143364026080  -1.3566045  208.956957  37.196983
 1979-Jan-15 14:43:24.934     09 00 42.35 +19 05 20.9  3.61045649340079   0.0915755  208.590033  36.784899
 1979-Jan-18 05:15:04.266     08 58 38.57 +19 13 11.3  3.61167898814051   1.5379865  208.228917  36.372296
 1979-Jan-20 18:44:33.743     08 56 34.85 +19 20 52.3  3.61502290316508   2.9854907  207.873398  35.959119
 1979-Jan-23 07:30:45.194     08 54 31.17 +19 28 23.8  3.62044746926265   4.4365093  207.523311  35.545339
 1979-Jan-25 19:50:51.291     08 52 27.51 +19 35 45.8  3.62794444632618   5.8928372  207.178539  35.130955
 1979-Jan-28 08:01:17.762     08 50 23.89 +19 42 58.2  3.63753505378113   7.3545691  206.839000  34.715991
 1979-Jan-30 20:18:27.124     08 48 20.31 +19 50 00.7  3.64926753100570   8.8195048  206.504628  34.300479
 1979-Feb-02 08:59:00.181     08 46 16.77 +19 56 53.3  3.66321653495903  10.2854403  206.175357  33.884440
 1979-Feb-04 22:19:59.960     08 44 13.28 +20 03 35.7  3.67948620931340  11.7525088  205.851139  33.467888
 1979-Feb-07 12:39:13.379     08 42 09.84 +20 10 07.7  3.69821622229885  13.2226136  205.531965  33.050855
 1979-Feb-10 04:15:58.944     08 40 06.48 +20 16 28.9  3.71958989968295  14.6983220  205.217876  32.633395
 1979-Feb-12 21:32:08.004     08 38 03.23 +20 22 38.6  3.74384537591460  16.1826298  204.908976  32.215586
 1979-Feb-15 16:53:22.037     08 36 00.13 +20 28 36.2  3.77129193142303  17.6790451  204.605436  31.797537
 1979-Feb-18 14:51:02.291     08 33 57.24 +20 34 20.8  3.80233476641513  19.1915484  204.307528  31.379406
 1979-Feb-21 16:04:57.548     08 31 54.66 +20 39 51.2  3.83751365068557  20.7243485  204.015664  30.961424
 1979-Feb-24 21:27:56.962     08 29 52.54 +20 45 05.5  3.87756522718681  22.2805364  203.730463  30.543949
 1979-Feb-28 08:13:40.958     08 27 51.07 +20 50 01.4  3.92352684500816  23.8591716  203.452846  30.127524
 1979-Mar-04 02:10:05.176     08 25 50.58 +20 54 35.5  3.97691962385995  25.4593066  203.184174  29.712929
 1979-Mar-08 06:03:08.821     08 23 51.55 +20 58 42.4  4.04010479746051  27.0902263  202.926674  29.301444
 1979-Mar-13 00:31:45.802     08 21 54.95 +21 02 12.4  4.11709440004392  28.7721948  202.684537  28.895670
 1979-Mar-18 18:39:39.843     08 20 03.07 +21 04 45.6  4.21575254805202  30.5422579  202.466955  28.501870
 1979-Mar-26 11:07:14.761     08 18 23.11 +21 05 27.3  4.35578483883617  32.4654254  202.300835  28.140916
 1979-Apr-09 05:19:33.091     08 17 42.17 +20 59 34.3  4.62320152693624  34.5610182  202.341295  27.956454
 1979-May-08 01:35:24.694     08 24 30.87 +20 22 18.4  5.20442381079393  34.2258649  203.636377  29.230063
 1979-May-13 04:12:20.853     08 26 39.92 +20 12 41.6  5.30452333292552  33.6016865  204.010918  29.646200
 1979-May-17 18:09:02.067     08 28 47.22 +20 03 23.2  5.39256164423733  32.9325931  204.378956  30.058298
 1979-May-21 23:24:54.337     08 30 53.43 +19 54 15.6  5.47196540103717  32.2211294  204.743776  30.467893
 1979-May-25 22:14:47.707     08 32 58.83 +19 45 14.8  5.54465208758498  31.4687184  205.107050  30.875590
 1979-May-29 16:06:28.735     08 35 03.56 +19 36 18.2  5.61186486432702  30.6847058  205.469815  31.281666
 1979-Jun-02 06:01:49.298     08 37 07.74 +19 27 24.0  5.67448635959417  29.8799545  205.832836  31.686303
 1979-Jun-05 16:45:47.146     08 39 11.45 +19 18 30.8  5.73316640257644  29.0623932  206.196704  32.089625
 1979-Jun-09 00:51:52.895     08 41 14.73 +19 09 37.7  5.78839642180755  28.2381930  206.561881  32.491708
 1979-Jun-12 06:45:43.296     08 43 17.65 +19 00 43.8  5.84055852383971  27.4116577  206.928743  32.892606
 1979-Jun-15 10:47:06.789     08 45 20.22 +18 51 48.5  5.88995158033488  26.5831717  207.297599  33.292354
 1979-Jun-18 13:11:45.213     08 47 22.47 +18 42 51.4  5.93681063641318  25.7520699  207.668679  33.690938
 1979-Jun-21 14:13:04.709     08 49 24.40 +18 33 52.2  5.98133480384028  24.9226173  208.042160  34.088292
 1979-Jun-24 14:03:31.946     08 51 26.00 +18 24 50.5  6.02371388807562  24.1068062  208.418208  34.484322
 1979-Jun-27 12:55:09.444     08 53 27.25 +18 15 45.9  6.06414984856156  23.3274563  208.796995  34.878899
 1979-Jun-30 11:00:05.823     08 55 28.12 +18 06 38.0  6.10288669226175  22.6296008  209.178697  35.271828
 1979-Jul-03 08:31:39.157     08 57 28.54 +17 57 26.1  6.14028442350249  22.1247926  209.563486  35.662747
 1979-Jul-06 05:46:57.215     08 59 28.35 +17 48 09.0  6.17708831897784  22.2248118  209.951520  36.050846
 1979-Jul-09 03:13:48.846     09 01 27.66 +17 38 40.6  6.21647876343645  27.0698316  210.345075  36.435969
 1979-Jul-11 23:24:30.880     09 04 11.80 +17 27 13.4  6.25878004865545  19.5521453  210.860494  36.975228
 1979-Jul-13 21:28:26.092     09 06 11.59 +17 19 12.2  6.27899779471556  17.2817495  211.233320  37.370759
 1979-Jul-15 20:24:46.898     09 08 11.84 +17 11 03.1  6.29779912972292  16.0896649  211.612372  37.767097
 1979-Jul-17 19:47:31.709     09 10 12.18 +17 02 47.8  6.31561630528385  15.1945456  211.996587  38.163041
 1979-Jul-19 19:24:56.338     09 12 12.47 +16 54 27.2  6.33257718099853  14.4187655  212.385538  38.558108
 1979-Jul-21 19:11:15.907     09 14 12.65 +16 46 01.7  6.34873606420031  13.7007060  212.779065  38.952076
 1979-Jul-23 19:03:30.300     09 16 12.69 +16 37 31.7  6.36412082518874  13.0138290  213.177128  39.344821
 1979-Jul-25 19:00:05.014     09 18 12.57 +16 28 57.3  6.37874777037776  12.3451403  213.579738  39.736264
 1979-Jul-27 19:00:14.074     09 20 12.28 +16 20 18.7  6.39262745917668  11.6877211  213.986941  40.126344
 1979-Jul-29 19:03:40.630     09 22 11.82 +16 11 36.1  6.40576727197818  11.0376626  214.398797  40.515014
 1979-Jul-31 19:10:26.005     09 24 11.18 +16 02 49.5  6.41817265766446  10.3926853  214.815383  40.902230
 1979-Aug-02 19:20:43.097     09 26 10.37 +15 53 59.0  6.42984781278669   9.7514637  215.236779  41.287954
 1979-Aug-04 19:34:51.954     09 28 09.38 +15 45 04.7  6.44079603111609   9.1131654  215.663077  41.672150
 1979-Aug-06 19:53:16.190     09 30 08.21 +15 36 06.7  6.45101963643849   8.4769007  216.094372  42.054784
 1979-Aug-08 20:16:19.975     09 32 06.87 +15 27 05.1  6.46051932347123   7.8411287  216.530762  42.435824
 1979-Aug-10 20:44:26.895     09 34 05.35 +15 18 00.0  6.46929322951114   7.2036597  216.972344  42.815240
 1979-Aug-12 21:18:02.316     09 36 03.66 +15 08 51.4  6.47733675425551   6.5625672  217.419206  43.193005
 1979-Aug-14 21:57:37.587     09 38 01.80 +14 59 39.4  6.48464352776005   5.9169710  217.871301  43.569063
 1979-Aug-16 22:43:52.156     09 39 59.77 +14 50 24.2  6.49120660569678   5.2669226  218.329047  43.943211
 1979-Aug-18 23:37:32.954     09 41 57.56 +14 41 05.9  6.49701911425574   4.6129318  218.792374  44.315673
 1979-Aug-21 00:39:32.865     09 43 55.18 +14 31 44.4  6.50207441773164   3.9556794  219.261347  44.686292
 1979-Aug-23 01:50:49.391     09 45 52.62 +14 22 19.9  6.50636611660015   3.2959217  219.736094  45.055016
 1979-Aug-25 03:12:23.809     09 47 49.89 +14 12 52.5  6.50988801696805   2.6344479  220.216729  45.421801
 1979-Aug-27 04:45:20.429     09 49 46.99 +14 03 22.2  6.51263407260339   1.9720362  220.703368  45.786601
 1979-Aug-29 06:30:45.915     09 51 43.93 +13 53 49.0  6.51459829999387   1.3094226  221.196125  46.149371
 1979-Aug-31 08:29:48.639     09 53 40.69 +13 44 13.2  6.51577468077327   0.6472723  221.695118  46.510064
 1979-Sep-02 10:43:37.869     09 55 37.29 +13 34 34.7  6.51615699600816  -0.0139585  222.200465  46.868635
 1979-Sep-04 13:13:22.492     09 57 33.73 +13 24 53.6  6.51573835821876  -0.6744269  222.712290  47.225039
 1979-Sep-06 16:00:09.695     09 59 30.01 +13 15 10.1  6.51451016753727  -1.3353736  223.230711  47.579232
 1979-Sep-08 19:05:05.864     10 01 26.13 +13 05 24.1  6.51246086561203  -1.9987739  223.755842  47.931164
 1979-Sep-10 22:29:21.832     10 03 22.10 +12 55 35.8  6.50957569994052  -2.6659942  224.287789  48.280781
 1979-Sep-13 02:14:19.404     10 05 17.91 +12 45 45.4  6.50583781364135  -3.3370530  224.826652  48.628023
 1979-Sep-15 06:21:33.918     10 07 13.57 +12 35 52.9  6.50122942688532  -4.0110933  225.372535  48.972830
 1979-Sep-17 10:52:53.318     10 09 09.06 +12 25 58.4  6.49573230499496  -4.6870007  225.925544  49.315141
 1979-Sep-19 15:50:16.986     10 11 04.40 +12 16 02.0  6.48932775495879  -5.3636088  226.485788  49.654898
 1979-Sep-21 21:15:55.503     10 12 59.58 +12 06 03.9  6.48199653810969  -6.0396806  227.053373  49.992040
 1979-Sep-24 03:12:10.866     10 14 54.61 +11 56 04.2  6.47371881380039  -6.7139041  227.628407  50.326506
 1979-Sep-26 09:41:36.570     10 16 49.48 +11 46 02.8  6.46447404706910  -7.3849789  228.210996  50.658235
 1979-Sep-28 16:46:57.389     10 18 44.20 +11 36 00.1  6.45424078729738  -8.0517663  228.801246  50.987170
 1979-Oct-01 00:31:08.896     10 20 38.77 +11 25 56.1  6.44299621176233  -8.7135575  229.399262  51.313253
 1979-Oct-03 08:57:16.715     10 22 33.19 +11 15 50.8  6.43071514621794  -9.3706202  230.005145  51.636431
 1979-Oct-05 18:08:36.613     10 24 27.46 +11 05 44.6  6.41736820172940 -10.0246482  230.618987  51.956648
 1979-Oct-08 04:08:39.901     10 26 21.59 +10 55 37.5  6.40291965927965 -10.6777652  231.240858  52.273843
 1979-Oct-10 15:01:27.443     10 28 15.57 +10 45 29.7  6.38732692187401 -11.3304646  231.870803  52.587947
 1979-Oct-13 02:51:44.084     10 30 09.39 +10 35 21.6  6.37054164867753 -11.9812744  232.508856  52.898888
 1979-Oct-15 15:45:05.014     10 32 03.06 +10 25 13.2  6.35251059304067 -12.6279109  233.155045  53.206597
 1979-Oct-18 05:47:59.239     10 33 56.56 +10 15 04.9  6.33317529288884 -13.2678882  233.809388  53.511008
 1979-Oct-20 21:07:56.578     10 35 49.90 +10 04 56.9  6.31247119415632 -13.8984034  234.471885  53.812056
 1979-Oct-23 13:53:38.292     10 37 43.06 +09 54 49.5  6.29032668741861 -14.5162152  235.142518  54.109679
 1979-Oct-26 08:15:09.054     10 39 36.04 +09 44 43.1  6.26666183394935 -15.1180081  235.821247  54.403822
 1979-Oct-29 04:24:09.566     10 41 28.84 +09 34 37.9  6.24138601396916 -15.7012185  236.508010  54.694443
 1979-Nov-01 02:34:12.997     10 43 21.45 +09 24 34.6  6.21439346934550 -16.2650724  237.202703  54.981504
 1979-Nov-04 03:01:13.423     10 45 13.85 +09 14 33.5  6.18555566351771 -16.8109084  237.905153  55.264975
 1979-Nov-07 06:04:26.062     10 47 06.03 +09 04 35.5  6.15471128049657 -17.3390822  238.615056  55.544813
 1979-Nov-10 12:08:17.157     10 48 57.95 +08 54 41.4  6.12165708986059 -17.8448716  239.331964  55.820963
 1979-Nov-13 21:44:40.941     10 50 49.55 +08 44 52.5  6.08613852076603 -18.3194129  240.055275  56.093382
 1979-Nov-17 11:35:46.865     10 52 40.77 +08 35 10.0  6.04783371283057 -18.7511862  240.784172  56.362040
 1979-Nov-21 06:38:31.387     10 54 31.52 +08 25 35.9  6.00632617832659 -19.1244585  241.517491  56.626919
 1979-Nov-25 08:12:17.268     10 56 21.67 +08 16 12.9  5.96105973969867 -19.4190274  242.253554  56.888035
 1979-Nov-29 18:11:47.081     10 58 11.02 +08 07 05.0  5.91125444867352 -19.6144364  242.989814  57.145442
 1979-Dec-04 15:32:26.534     10 59 59.20 +07 58 18.4  5.85573068880383 -19.6872931  243.721849  57.399149
 1979-Dec-10 05:12:08.515     11 01 45.42 +07 50 05.0  5.79252243372053 -19.5810178  244.440916  57.648864
 1979-Dec-16 21:03:28.732     11 03 27.81 +07 42 49.2  5.71791161150199 -19.1528621  245.127541  57.893424
 1979-Dec-25 16:03:06.760     11 05 00.58 +07 37 38.8  5.62325665180329 -18.0232940  245.724368  58.127662
 1980-Jan-10 00:49:10.290     11 05 46.89 +07 40 33.7  5.47726498067419 -14.5757358  245.895536  58.304403
 1980-Feb-17 02:45:39.795     10 58 40.14 +08 40 30.7  5.31544252765334   1.3204467  242.331346  57.590034
 1980-Feb-23 03:18:55.737     10 56 47.95 +08 53 42.8  5.32549188332281   4.4667246  241.479921  57.361671
 1980-Feb-28 22:07:25.986     10 54 56.95 +09 06 25.6  5.34550129459736   7.5153910  240.656201  57.127358
 1980-Mar-05 15:34:49.919     10 53 06.87 +09 18 43.8  5.37535102852957  10.5305141  239.856733  56.887486
 1980-Mar-11 11:16:22.757     10 51 17.77 +09 30 38.7  5.41586349979115  13.5658621  239.081023  56.642752
 1980-Mar-17 13:08:23.593     10 49 29.97 +09 42 08.4  5.46895148858732  16.6656432  238.330901  56.394336
 1980-Mar-24 02:47:35.625     10 47 44.23 +09 53 07.9  5.53828624744372  19.8511806  237.611069  56.144260
 1980-Mar-31 13:55:29.833     10 46 01.89 +10 03 26.3  5.63117928930034  23.1987235  236.930951  55.895809
 1980-Apr-09 19:09:53.712     10 44 27.06 +10 12 30.5  5.76477641113483  26.9081342  236.319606  55.658302
 1980-Apr-23 17:28:33.236     10 43 20.92 +10 17 44.0  6.00045477153802  31.4378850  235.923482  55.480707
 1980-Aug-05 09:42:20.325     11 19 50.61 +06 19 41.8  8.00795509232807  25.4422302  252.475692  59.894596
 1980-Aug-08 12:06:35.489     11 21 42.16 +06 07 48.9  8.05264334957527  24.4705103  253.419160  60.067229
 1980-Aug-11 13:42:57.300     11 23 33.61 +05 55 56.9  8.09511111261609  23.4770856  254.371354  60.233484
 1980-Aug-14 14:38:02.971     11 25 24.96 +05 44 05.7  8.13542256329384  22.4659385  255.332090  60.393258
 1980-Aug-17 14:58:04.509     11 27 16.20 +05 32 15.4  8.17363788224237  21.4405991  256.301184  60.546455
 1980-Aug-20 14:48:42.358     11 29 07.36 +05 20 25.9  8.20981129484405  20.4038121  257.278431  60.692984
 1980-Aug-23 14:15:05.450     11 30 58.44 +05 08 37.3  8.24399055178600  19.3578352  258.263612  60.832758
 1980-Aug-26 13:21:50.893     11 32 49.44 +04 56 49.4  8.27621613486757  18.3034317  259.256493  60.965698
 1980-Aug-29 12:12:59.584     11 34 40.38 +04 45 02.5  8.30651699999393  17.2377820  260.256820  61.091733
 1980-Sep-01 10:52:02.817     11 36 31.26 +04 33 16.4  8.33490700057841  16.1564768  261.264270  61.210787
 1980-Sep-04 09:22:31.178     11 38 22.09 +04 21 31.3  8.36139020660488  15.0580961  262.278457  61.322781
 1980-Sep-07 07:48:15.123     11 40 12.85 +04 09 47.4  8.38596865158740  13.9443057  263.298974  61.427639
 1980-Sep-10 06:13:23.119     11 42 03.55 +03 58 04.6  8.40864502885361  12.8179802  264.325416  61.525292
 1980-Sep-13 04:42:13.617     11 43 54.19 +03 46 23.0  8.42942236113372  11.6821072  265.357372  61.615681
 1980-Sep-16 03:19:08.571     11 45 44.78 +03 34 42.7  8.44830279640340  10.5392764  266.394415  61.698766
 1980-Sep-19 02:08:29.711     11 47 35.32 +03 23 03.7  8.46528645054124   9.3916704  267.436004  61.774470
 1980-Sep-22 01:14:36.476     11 49 25.81 +03 11 26.1  8.48037053400904   8.2408582  268.481932  61.842726
 1980-Sep-25 00:41:41.523     11 51 16.26 +02 59 50.1  8.49354682390489   7.0859524  269.531677  61.903583
 1980-Sep-28 00:33:45.800     11 53 06.69 +02 48 15.6  8.50479575623770   5.9224258  270.584744  61.957001
 1980-Oct-01 00:54:55.705     11 54 57.07 +02 36 42.9  8.51408429440574   4.7468606  271.640597  62.002960
 1980-Oct-04 01:49:58.379     11 56 47.42 +02 25 12.2  8.52137236386559   3.5603043  272.698656  62.041450
 1980-Oct-07 03:24:33.297     11 58 37.72 +02 13 43.5  8.52661779440382   2.3659159  273.758356  62.072468
 1980-Oct-10 05:45:06.394     12 00 27.98 +02 02 17.1  8.52977649458093   1.1672160  274.819135  62.096028
 1980-Oct-13 08:58:46.938     12 02 18.19 +01 50 53.1  8.53080132398008  -0.0323055  275.880439  62.112151
 1980-Oct-16 13:13:27.612     12 04 08.35 +01 39 31.7  8.52964064207661  -1.2294544  276.941721  62.120876
 1980-Oct-19 18:37:45.889     12 05 58.47 +01 28 13.1  8.52623637449041  -2.4217397  278.002440  62.122256
 1980-Oct-23 01:21:04.404     12 07 48.54 +01 16 57.5  8.52052016348816  -3.6093214  279.062078  62.116359
 1980-Oct-26 09:33:31.086     12 09 38.57 +01 05 45.3  8.51240431685620  -4.7972039  280.120088  62.103271
 1980-Oct-29 19:26:33.834     12 11 28.55 +00 54 36.8  8.50177400984138  -5.9887969  281.175815  62.083091
 1980-Nov-02 07:14:24.151     12 13 18.45 +00 43 32.4  8.48849101494335  -7.1803492  282.228542  62.055939
 1980-Nov-05 21:14:48.274     12 15 08.26 +00 32 32.6  8.47239675207359  -8.3653034  283.277573  62.021962
 1980-Nov-09 13:49:36.783     12 16 57.95 +00 21 38.1  8.45330782147646  -9.5364046  284.322208  61.981336
 1980-Nov-13 09:25:41.445     12 18 47.49 +00 10 49.5  8.43100820461960 -10.6856891  285.361732  61.934283
 1980-Nov-17 08:36:17.480     12 20 36.88 +00 00 07.7  8.40523721444211 -11.8059566  286.395413  61.881077
 1980-Nov-21 12:02:55.936     12 22 26.05 -00 10 26.3  8.37566667312393 -12.8951002  287.422474  61.822061
 1980-Nov-25 20:38:31.390     12 24 14.97 -00 20 50.9  8.34185682208724 -13.9571559  288.441881  61.757675
 1980-Nov-30 11:35:12.073     12 26 03.48 -00 31 04.0  8.30320074530899 -14.9828279  289.452021  61.688520
 1980-Dec-05 10:38:59.363     12 27 51.41 -00 41 02.5  8.25885727151715 -15.9459942  290.450748  61.615437
 1980-Dec-10 20:31:39.329     12 29 38.44 -00 50 41.6  8.20761865337976 -16.8086078  291.434973  61.539687
 1980-Dec-16 21:35:47.379     12 31 24.08 -00 59 53.5  8.14762569709548 -17.5173585  292.399673  61.463321
 1980-Dec-23 21:40:11.540     12 33 07.27 -01 08 23.5  8.07566576016648 -18.0104443  293.334920  61.390088
 1981-Jan-01 13:23:09.761     12 34 45.00 -01 15 36.0  7.98512610708121 -18.1170313  294.212894  61.328620
 1981-Jan-13 23:55:13.394     12 36 04.98 -01 19 24.7  7.85768209879159 -17.1303794  294.920823  61.308428
 1981-Feb-17 02:20:18.721     12 33 46.51 -00 52 47.8  7.59728099721376  -7.7177026  293.604452  61.669922
 1981-Feb-26 18:57:13.654     12 31 45.87 -00 37 19.5  7.56563562201397  -3.4965773  292.472570  61.847778
 1981-Mar-06 13:10:57.372     12 29 51.19 -00 23 22.7  7.55826814342915   0.2589261  291.389026  61.995636
 1981-Mar-13 11:40:35.237     12 27 58.98 -00 10 11.3  7.56639218199314   3.8173381  290.321697  62.124568
 1981-Mar-20 00:34:47.847     12 26 08.19 +00 02 29.7  7.58726574877140   7.2475815  289.261595  62.238197
 1981-Mar-26 09:25:24.809     12 24 18.38 +00 14 46.5  7.62012237839555  10.6223294  288.205398  62.338054
 1981-Apr-01 18:06:22.484     12 22 29.46 +00 26 40.7  7.66535051077276  13.9943713  287.153423  62.424730
 1981-Apr-08 06:21:22.569     12 20 41.61 +00 38 11.6  7.72438003745089  17.3869887  286.108318  62.498346
 1981-Apr-15 02:45:49.007     12 18 55.10 +00 49 16.1  7.79997481425487  20.7959336  285.074228  62.558650
 1981-Apr-22 13:45:28.257     12 17 10.42 +00 59 47.7  7.89713179627957  24.2752714  284.057559  62.604824
 1981-May-01 02:01:54.296     12 15 28.95 +01 09 30.8  8.02556485062943  27.9170317  283.074369  62.634878
 1981-May-11 15:40:24.963     12 13 55.03 +01 17 41.3  8.20822926329551  31.8014587  282.171619  62.643700
 1981-May-27 21:37:53.626     12 12 49.50 +01 21 06.3  8.52872577097547  36.1963722  281.566679  62.610463
 1981-Sep-13 11:37:37.356     12 43 52.40 -02 20 11.1  10.5491424742945   9.9059025  299.084788  60.480807
 1981-Sep-16 18:40:30.490     12 45 42.64 -02 32 21.7  10.5668841699945   8.7440660  300.033742  60.302229
 1981-Sep-20 01:10:01.460     12 47 32.94 -02 44 28.9  10.5822937227319   7.5680866  300.972330  60.117699
 1981-Sep-23 07:10:39.805     12 49 23.29 -02 56 32.9  10.5953851915548   6.3752629  301.900369  59.927329
 1981-Sep-26 12:47:20.620     12 51 13.68 -03 08 33.6  10.6061672680161   5.1677215  302.817690  59.731234
 1981-Sep-29 18:05:25.128     12 53 04.10 -03 20 31.0  10.6146497998231   3.9503542  303.724171  59.529527
 1981-Oct-02 23:10:24.716     12 54 54.61 -03 32 25.3  10.6208352094808   2.7228866  304.620015  59.322278
 1981-Oct-06 04:06:21.711     12 56 45.13 -03 44 16.1  10.6247443401793   1.4999557  305.504646  59.109721
 1981-Oct-09 08:59:53.655     12 58 35.69 -03 56 03.6  10.6263892231463   0.2783458  306.378192  58.891890
 1981-Oct-12 13:56:00.971     13 00 26.31 -04 07 47.8  10.6257755530844  -0.9406728  307.240828  58.668851
 1981-Oct-15 18:59:26.500     13 02 16.98 -04 19 28.7  10.6229010986483  -2.1596013  308.092548  58.440780
 1981-Oct-19 00:14:37.793     13 04 07.72 -04 31 06.1  10.6177491137071  -3.3834775  308.933323  58.207791
 1981-Oct-22 05:46:18.570     13 05 58.51 -04 42 40.2  10.6102895359986  -4.6131126  309.763116  57.970011
 1981-Oct-25 11:39:58.481     13 07 49.34 -04 54 10.7  10.6004870077728  -5.8446149  310.581908  57.727573
 1981-Oct-28 18:01:50.387     13 09 40.22 -05 05 37.6  10.5883050562880  -7.0727827  311.389716  57.480606
 1981-Nov-01 00:58:39.063     13 11 31.14 -05 17 00.8  10.5737060945957  -8.2927786  312.186587  57.229239
 1981-Nov-04 08:37:34.282     13 13 22.11 -05 28 20.3  10.5566497628262  -9.5006953  312.972589  56.973598
